Date,Open,High,Low,Close,Volume,Dividends,Stock Splits,adi,adx,aroon_25,awesome_oscillator_5_34,bcpb_20_2,cci_20,chaikin_20,BearishEngulfing,BearishHarami,DarkCloudCover,EveningStar,EveningStarDoji,GravestoneDoji,HangingMan,ShootingStar,BullishEngulfing,BullishHarami,DragonflyDoji,Hammer,InvertedHammer,MorningStar,MorningStarDoji,PiercingPattern,dpo_20,donchian_20,emv_14,force_13,ichimoku_9_26_52,kama_10_2_30,kst_10_15_20_30_10_10_10_15,keltner_20_10,macd_26_12,mfi_14,mi_9_25,ppo_26_12_9,psar_0.02_0.2,pvo_26_12_9,roc_12,rsi_14,stc_50_23_10_3_3,stoch_14_3,stoch_rsi_14_3_3,trix_15,tsi_25_13,ulcer_14,ultimate_7_14_28,volume2_3_14,vpt,vortex_14,william_r_14
2020-03-13,59.5,63.970001220703125,56.97999954223633,63.56999969482422,8702500,0,0,7706502.162207001,0.0,,,,,,False,False,False,False,False,False,False,False,False,False,False,False,False,False,False,False,,,,,,,,0.6475917296218902,,,,,0.0,,,,,,,,,,,,124167.7846203174,,
2020-03-16,56.77000045776367,58.43000030517578,54.02000045776367,54.029998779296875,7447300,0,0,292971.097595023,0.0,,,,,,False,False,False,False,False,False,False,False,False,False,False,False,False,False,False,False,,,,,,,,0.10789468224579898,,,,,0.0,,,,,,,,,,,,-993613.1422520292,,
2020-03-17,55.130001068115234,58.52000045776367,52.75,57.9900016784668,7641300,0,0,6530500.09206867,0.0,,,,,,False,False,False,False,False,False,False,False,False,False,False,False,False,False,False,False,,,,,,,,0.5160164315603327,,,,,1.0,,,,,,,,,,,,-557571.0095869855,,
2020-03-18,54.029998779296875,55.65999984741211,43.959999084472656,52.68000030517578,7918700,0,0,10415401.65850716,0.0,,,,,,False,False,False,False,False,False,False,False,False,False,False,True,False,False,False,False,,,,,,,,0.2667706161662637,,,,,0.0,,,,,,,,,,,,-165044.53765564144,,
2020-03-19,51.959999084472656,54.5,48.029998779296875,53.599998474121094,5897800,0,0,14672389.29440941,0.0,,,,,,False,False,False,False,False,False,False,False,False,False,False,True,False,False,False,False,,,,,,,,0.38355961732135735,,,,,0.0,,,,,,,,,,,,-622097.2414378335,,
2020-03-20,54.47999954223633,57.349998474121094,47.95000076293945,48.849998474121094,8462900,0,0,7830040.886863287,0.0,,,,,,True,False,False,False,False,False,False,False,False,False,False,False,False,False,False,False,,,,,,,,0.11428989748434928,,,,,0.0,,,,,,,,,,,,-646978.5873477317,,
2020-03-23,47.970001220703125,48.06999969482422,44.810001373291016,45.54999923706055,7328000,0,0,3828855.0817569727,0.0,,,,,,False,False,False,False,False,False,False,False,False,False,False,False,False,False,False,False,,,,,,,,-0.07194448841942687,,,,,0.0,,,,,,,,,,,,-1245010.844754767,,
2020-03-24,48.16999816894531,50.25,46.27000045776367,48.72999954223633,8091200,0,0,5739839.444371785,0.0,,,,,,False,False,False,False,False,False,False,False,False,False,False,False,False,True,False,False,,,,,,,,0.18898291495566094,,,,,0.0,,,,,,,,,,,,69840.50214430102,,
2020-03-25,48.5,54.849998474121094,46.709999084472656,52.290000915527344,6327100,0,0,8087243.678404886,0.0,,,,,,False,False,False,False,False,False,False,False,False,False,False,False,False,False,False,False,,,,,,,,0.47632520916590804,,,,,0.0,,,,,,,,,,,,1027104.5288986028,,
2020-03-26,53.25,58.61000061035156,52.16999816894531,58.29999923706055,6652800,0,0,14099554.127354305,0.0,,,,,,False,False,False,False,False,False,False,False,False,False,False,False,False,False,False,False,,,,,,58.29999923706055,,0.8995141743949727,,,,,0.0,,,,,,,,,,,,1226875.905067298,,
2020-03-27,55.630001068115234,57.47999954223633,53.900001525878906,55.099998474121094,4706000,0,0,12548408.187398527,0.0,,,,,,False,True,False,False,False,False,False,False,False,False,False,False,False,False,False,False,,,,,,58.194995052306794,,0.6482034918566492,,,,,0.0,,,,,,,,,,,,506340.1739058378,,
2020-03-30,55.2400016784668,58.959999084472656,54.869998931884766,57.709999084472656,4596000,0,0,14335117.338661062,0.0,,,,,,False,False,False,False,False,False,False,False,False,False,False,False,False,False,False,False,,,,,,58.187449549077314,,0.836993080493025,,,,,2.0,,,,,,,,,,,,-40600.06219185176,,
2020-03-31,57.709999084472656,59.90999984741211,56.22999954223633,59.40999984741211,7812700,0,0,20024801.210371144,0.0,,,,,,False,False,False,False,False,False,False,False,False,False,False,False,False,False,False,False,,,,,,58.197192555724584,,0.9577290152194071,,,,,0.0,,-6.5439670715474465,,,,,,,,,,447849.07631505746,,
2020-04-01,56.36000061035156,57.63999938964844,55.650001525878906,56.119998931884766,4849700,0,0,17465904.091524985,0.0,,,,,,False,False,False,False,False,False,False,False,False,False,False,False,True,False,False,False,,,,-9039199.094795605,,58.163046869515135,,0.6764913823567308,,54.557789958519365,,,0.0,,3.868221728312778,47.06228283567872,,,,,,15.929802320978789,,-1135342.8571428573,-38422.43602294146,,-39.230392057804956
2020-04-02,55.52000045776367,57.459999084472656,54.02000045776367,56.36000061035156,2980900,0,0,18540416.44005982,0.0,,,,,,False,False,False,False,False,False,False,False,True,False,False,False,False,False,False,False,,,-16.883676706526128,-7645681.937918851,,58.13848606582956,0.0,0.6918447377559538,,52.677613311786835,,,0.0,,-2.810831213892681,47.48760258028816,,,,,,15.988782853677394,,-1265023.8095238097,-255818.13420497728,-0.10772382718774043,-22.257047443590913
2020-04-03,55.95000076293945,56.75,53.83000183105469,54.599998474121094,3841400,0,0,16724952.71367307,0.0,,,,,,False,False,False,False,False,False,False,False,False,False,False,False,False,False,False,False,,,-1.350661659490344,-7519280.547661263,,58.01799748805439,1.9544824785267707,0.5296582781058659,,54.969506766464455,,,0.0,,3.6446434279095357,44.65427384701705,,68.4070058103044,,,,15.62807411859978,,-2331226.1904761908,-107210.63843172694,-0.02300687804790369,-33.2915430676909
2020-04-06,56.9900016784668,60.619998931884766,56.369998931884766,60.119998931884766,4578800,0,0,20226388.00779072,0.0,,,,,,False,False,False,False,False,False,False,False,False,False,False,False,False,False,False,False,,,23.080502603763573,-2834386.455708469,,58.2709357609262,16.780065723239503,1.0221522053202738,,53.35198972611061,,,0.0,,12.16418030480286,53.93707123004159,,80.48340299367943,,,,15.45099488486227,,-2202776.1904761908,342953.0032095102,0.07015819648326349,-3.0012005076798833
2020-04-07,62.40999984741211,63.220001220703125,59.20000076293945,60.150001525878906,5105500,0,0,17533936.934598833,0.0,,,,,,False,False,False,False,False,False,False,False,False,False,False,False,False,False,False,False,,,99.8253831810944,-2407591.498659104,,58.4524602649461,24.69696312203513,0.9989070627430783,,61.54772665287243,,,0.0,,23.13204381724624,53.98224897464351,,82.3438460755113,,,,14.757089805918277,,-1293633.333333333,465459.57469943725,0.3187920209454209,-16.675718198095304
2020-04-08,60.630001068115234,65.86000061035156,59.70000076293945,65.1500015258789,4992000,0,0,21375185.143208284,0.0,,,,,,False,False,False,False,False,False,False,False,False,False,False,False,False,False,False,False,,,102.2623555063956,1502064.4297207675,,59.17417140635043,38.65847749014782,1.4231471565987444,,61.63870325460001,,,0.0,,43.02964350627549,60.870017378724576,,92.31672130202429,,,,14.149284700724833,,-845400.0,417510.4580120787,0.32340970871373176,-3.3729173881518943
2020-04-09,65.12999725341797,68.62999725341797,64.47000122070312,66.41999816894531,6814300,0,0,20949287.487782147,0.0,,,0.9781723209386319,189.57208003660483,0.16793433334040483,False,False,False,False,False,False,False,False,False,False,False,False,False,False,False,False,-4.046498680114745,0.9104175416091189,107.71341608280004,2523789.2433102885,,59.675789612669035,46.892379048054124,1.501176213585619,,71.64947187503704,,,0.0,,36.3020701680416,62.40906999740077,,90.2244829787922,,,,12.724135634649588,,17523.8095238097,547796.6263073446,0.4214037220741941,-9.277915477376135
2020-04-13,65.91999816894531,66.1500015258789,63.81999969482422,65.1500015258789,4896500,0,0,21642786.498908613,0.0,,,0.9051095689792142,152.97574607777906,0.11523218643735587,False,True,False,False,False,False,False,False,False,False,False,False,False,False,False,False,1.8844995498657227,0.8589381440684623,122.12719679444997,1274885.271012439,,60.27636377608103,60.38338679012871,1.4033505487792253,,71.97018052122957,,,0.0,,24.59361328206217,59.87300963699801,,90.59522591684681,,,,10.235690700033079,,121535.71428571455,39209.55168573036,0.5747715053366161,-15.56348938393142
2020-04-14,66.66999816894531,67.5,65.8499984741211,66.4000015258789,5988700,0,0,19646571.626226906,0.0,,,0.9053259677501941,150.24436702045926,0.16197880797935665,False,False,False,False,False,False,False,False,False,False,False,False,False,False,False,False,-1.9340013504028306,0.9096069763658844,119.05850408083913,2162169.518010662,,60.86422578489672,78.80639468989916,1.500325265317837,,72.01475011826165,,,0.0,,13.893657624045549,61.53002268631873,,88.32841870526597,,,,8.114420816077539,,603947.6190476185,21277.6545639267,0.5923127149256837,-10.173339022894451
2020-04-15,66.3499984741211,69.4800033569336,65.95999908447266,69.0199966430664,5993800,0,0,24073789.29952449,0.0,,,0.9508335187059579,144.52360414892598,0.1488803749610117,False,False,False,False,False,False,False,False,True,False,False,False,False,False,False,False,0.12449951171875284,0.9819746615652574,100.2845813698099,4096677.691637487,,61.72351219877773,93.73468664443799,1.737602149932149,,72.53897284875673,,,0.0,,25.263155271198674,64.81008926033634,,90.53523671631048,,,,6.584377130487427,,354254.7619047612,351404.0493967392,0.588603345468658,-2.65746144424263
2020-04-16,69.5,73.20999908447266,68.95999908447266,72.8499984741211,4538100,0,0,27843080.46666029,0.0,,,1.0058748196322165,161.2053380926738,0.15226770890149186,False,False,False,False,False,False,False,False,False,False,False,False,False,False,False,False,0.8160003662109361,0.9873239211491266,90.91906388604446,5994428.208476314,,64.57850324882727,107.16340305438654,2.160112399287153,,72.23134673362516,,,0.0,,26.234620741350827,68.97457729450126,,95.10387032696434,,,,6.200408813229455,,385838.09523809515,488326.4780321444,0.5669135690876781,-1.8575885519698445
2020-04-17,74.48999786376953,74.69999694824219,70.5,71.29000091552734,4640300,0,0,24948420.42473492,0.0,68.0,,0.8957793836094966,142.51311118599523,0.09078030658425124,False,False,False,False,False,False,False,False,False,False,False,False,False,False,False,False,-3.3585006713867216,0.8859151375862854,99.08353503748131,4103958.9399593305,,65.86250948660005,109.42106973414015,1.9039514393364025,,78.47636117799118,,,0.0,,19.996635412603396,65.57078197520354,,93.04857408602739,,,,5.108048727445753,,-58935.71428571455,152457.97465625507,0.6130143498190698,-16.339227745705312
2020-04-20,70.36000061035156,70.73999786376953,68.16000366210938,68.41999816894531,5088300,0,0,20885649.899399653,0.0,68.0,,0.773303516065409,95.92774320275421,0.1188796154192678,False,False,False,False,False,False,False,False,False,False,False,False,False,False,False,False,-4.09699897766113,0.7898962961185673,79.88839061964391,1431474.0949032335,7.620000839233398,66.26049441648428,114.36745856775256,1.5480670928255953,,71.24517552707029,,,0.0,,21.917319086177425,59.73074743823734,,83.90404758040121,,,,4.760655294682434,,-395933.333333333,-304212.0874510079,0.4624609707685472,-30.091040961121152
2020-04-21,67.08999633789062,68.08999633789062,65.77999877929688,66.23999786376953,4152000,0,0,18387258.74554334,0.0,68.0,,0.6819937466462159,62.49168911034872,0.13651135544371867,False,False,False,False,False,False,False,False,False,False,False,False,False,False,False,False,-6.891501045227052,0.7024270091870749,66.00782437253498,-66073.81395292026,7.870000839233398,66.25938223143302,105.65762248759457,1.1479597119324543,,63.80367699840797,,,0.0,,17.53015817321216,55.674536010571394,,71.01102356985069,0.4531301259193098,,,5.048320405508258,,-263154.7619047612,-337136.6522761234,0.336092060140077,-40.5366605836214
2020-04-22,67.94999694824219,69.29000091552734,67.62999725341797,68.3499984741211,4114900,0,0,17841908.7299169,22.30367250816153,68.0,,0.7455965849380796,74.19739096599415,0.117873700791714,False,False,False,False,False,False,False,False,False,False,False,False,False,True,False,False,-2.3525005340576186,0.773133299079648,74.57876157212311,1183714.0896883032,9.930000305175781,66.41245988266992,98.90643293055993,1.3151341665675125,,70.0544366931832,,,0.0,,25.18315088693111,58.604652443821315,,66.31528306632272,0.5736103838888305,,,4.289607735543908,,-385802.3809523815,-1215.6548622939445,0.45310742992037856,-30.426449256289224
2020-04-23,69.02999877929688,70.26000213623047,68.43000030517578,69.23999786376953,4272300,0,0,17351629.611924056,22.63239186118184,68.0,,0.7608870628860599,77.94471657883372,0.09207758220463322,False,False,False,False,False,False,False,False,False,False,False,False,False,False,False,False,-3.1699977874755874,0.7576564855613785,84.74637417211963,1557804.13293212,9.930000305175781,66.51302077765601,86.60949104750551,1.387971631302834,,74.56588546005547,,,0.0,,15.169659171513983,59.811426567940195,,67.62497782223079,0.6232304113167249,,,4.2745936195208944,52.63197435264152,-750045.2380952383,186706.00724527886,0.5370119660762313,-26.16195669339697
2020-04-24,69.94999694824219,70.75,68.94000244140625,70.58000183105469,2690500,0,0,19536736.583766915,23.02867570682788,68.0,,0.7884413000470635,80.68868119466123,0.05625484292122839,False,False,False,False,False,False,False,False,False,False,False,False,False,False,False,False,1.2160020828247085,0.802587633870864,89.59230243063678,1850300.7816533477,10.48499870300293,66.66025104532368,73.65124095664413,1.553210704086985,,79.10395093173304,,,0.0,,17.339983442375114,61.625353953418404,,73.6449347633676,0.5112737903758958,,,3.77935837249802,52.60569637318662,-1155004.7619047617,107699.83253782042,0.5871139638222412,-22.476789760210977
2020-04-27,71.37999725341797,72.44999694824219,69.91000366210938,70.81999969482422,3817300,0,0,18454662.59766807,23.710444133956134,68.0,,0.7737576358781356,86.5981517175416,0.06167510139791095,False,False,False,False,False,False,False,False,False,False,False,False,False,False,False,False,1.6999986648559542,0.8140872946241088,74.68834104655444,1716849.7907553597,10.48499870300293,66.91046380024925,65.12200662667277,1.4855657793025114,,79.10828511980986,,,0.0,,8.702990078508401,61.956548512718136,,75.44300234702877,0.531892002892736,,,3.852035964304719,44.354541159459075,-1199811.9047619053,65049.553928729416,0.550496840978782,-25.032246505305753
2020-04-28,69.79000091552734,70.02999877929688,65.1500015258789,67.16999816894531,8994300,0,0,16906455.233891144,22.868889264474042,64.0,,0.5923368205860939,34.11895243690039,0.02567171376086694,False,False,False,True,False,False,False,False,False,False,False,False,False,False,False,False,-0.04299793243407635,0.6391949908461867,45.50572928398045,-3218301.425668641,10.170000076293945,66.91239646931845,44.65751048392565,0.82471158797945,,67.82603931878512,,,1.0,,1.129177989575228,54.283359721920824,,67.43031970199426,0.0,,,4.3795409262304705,46.13018017819904,96416.66666666698,-450578.22354758484,0.26880634758173627,-50.20000462850052
2020-04-29,68.51000213623047,68.58999633789062,66.02999877929688,66.16999816894531,5088700,0,0,12374329.900700863,22.087445457097818,60.0,,0.5307937602601366,22.291801503868527,-0.07851605897958279,False,False,False,False,False,False,False,False,False,False,False,False,False,False,False,False,0.869002151489255,0.5912793112121053,30.661432045942497,-3485501.2220016923,9.440000534057617,66.89529775574987,25.565256592752434,0.6051906154543709,,60.96119635458866,,,0.0,,1.565612615774449,52.36971838549976,,48.789001666679724,0.0,,,5.018576407361478,43.866634035857416,888909.5238095243,-539316.9672611359,0.2072541491615053,-78.40074386615458
2020-04-30,65.5,67.8499984741211,65.01000213623047,66.58000183105469,5441000,0,0,12949090.009661652,21.063941822476643,31.999999999999996,7.473205925436581,0.5278682475386066,8.628444481515311,-0.04607602277131941,False,False,False,False,False,False,False,False,False,False,False,False,False,False,False,False,2.9659971237182674,0.6109249153345383,10.941180485038311,-2668882.4866390065,8.025001525878906,66.8675132734854,5.356206235378153,0.589631610097492,-0.5130386882417186,52.613397245501474,,4.188380942360448,0.0,-10.077705382127654,0.2710847907219211,53.09974955843396,,32.25564153417876,0.04396491273638308,,,5.520618411201464,47.441646213276,1528235.7142857146,-42044.90896530187,-0.0023214128502999642,-74.63232690280864
2020-05-01,65.3499984741211,66.56999969482422,63.790000915527344,64.97000122070312,3449800,0,0,12427899.24727074,19.761064967525765,32.00000000000001,6.401823391633869,0.4093369570038362,-29.9998380356338,-0.06205695713933794,False,False,False,False,False,False,False,False,False,False,False,False,False,False,False,False,6.365498924255377,0.5337806418782572,9.065473374961252,-3081067.86077498,4.685001373291016,66.69902037650816,-8.886148660971799,0.2635838051396867,-0.6902309481442428,53.6714263617576,,3.911631938669395,0.0,-9.72149946649417,-5.867858040196144,49.86754224604536,,19.26090043805199,0.0,,,6.210745928982724,45.12873402118482,-216595.2380952388,-49707.53053335861,0.012251830764246519,-89.18422791688083
2020-05-04,64.91999816894531,65.91999816894531,63.86000061035156,65.86000061035156,2280000,0,0,14575088.960168136,18.55125074507138,32.0,4.888970296523148,0.406497349583028,-47.54635002918314,-0.022177925206189726,False,False,False,False,False,False,False,False,True,False,False,False,False,False,False,False,4.242501258850098,0.5177306440512464,3.86800877876374,-2351029.793750206,3.854999542236328,66.67415174943966,-16.1086535312468,0.32160609515359306,-0.7312601068275932,51.048598847627375,,3.62110706123998,0.0,-10.199168006672434,-9.59505560765746,51.62067534320687,,18.385622721435666,0.09175327792697933,,,6.719328706066903,48.71389242152875,-887921.4285714282,-52188.29207708771,-0.07982281049444251,-81.02657701600356
2020-05-05,66.44000244140625,68.68000030517578,65.5,68.3499984741211,3237600,0,0,17140730.579231065,18.17238874929981,32.0,4.452058534061209,0.5808164778406935,3.6024517857907017,-0.032278135658115596,False,False,False,False,False,False,False,False,False,False,False,False,False,False,False,False,0.96099853515625,0.5903225782634559,14.919138199764456,-863508.8112515719,3.854999542236328,66.7125455531492,-16.90162895665162,0.6554684232694853,-0.5810192008563395,48.84914820554594,,3.388455013409904,0.0,-10.868836189954596,-4.124003932739327,56.232200226150944,,23.86190161504062,0.33310547470942814,,,6.919163695455044,50.20436064825967,-1425516.6666666665,153638.2146977071,-0.026272295586099004,-58.20349022199378
2020-05-06,68.30999755859375,68.37000274658203,65.37999725341797,65.5,2866900,0,0,14503954.487004869,17.78016390424486,32.0,3.863147241928992,0.2522099894222492,-45.131653629398826,-0.0324557634763855,False,False,False,False,False,False,False,False,False,False,False,False,False,False,False,False,-1.486501693725586,0.3866667141384669,-9.192320672145419,-1907387.6418524566,3.854999542236328,66.67491293123719,-23.281712865741042,0.13929887880515385,-0.6582316312210601,42.510575198655765,,3.128397216168071,0.0,-11.760987313714224,-4.267755403522725,50.31991972193381,,25.48120797625167,0.028807907393049656,,-20.451016196374752,7.251652572620131,44.808978543650895,-1500445.2380952383,2863.870483464212,-0.20014469482136032,-84.32630883324767
2020-05-07,66.5,66.77999877929688,64.29000091552734,64.61000061035156,2651000,0,0,12534335.947866654,17.040844579838954,32.0,3.264441254559692,0.1612620630823194,-94.15300691465809,-0.09713479009080382,False,False,False,False,False,False,False,False,False,False,False,False,False,False,False,False,0.6504989624023381,0.07516040265875056,-27.977066759879865,-1971959.1761532498,3.854999542236328,66.5500486712472,-34.24766198882915,-0.05589901168178901,-0.7473769974206363,35.74215818070006,,2.8363064454007048,0.0,-12.835876505469841,-2.4607447252191235,48.60142301614672,,22.313007976503158,0.0,,-20.732198411073977,7.5994136591619155,44.15517288049794,-1234685.714285714,-155562.68617899466,-0.352748025609842,-90.5311770152491
2020-05-08,65.56999969482422,66.16999816894531,65.0199966430664,65.87999725341797,1961900,0,0,13506754.136982508,16.3543337786049,32.0,2.966705445682294,0.3050161848229202,-74.0470874377323,-0.0863764679964537,False,False,False,False,False,False,False,False,False,True,False,False,False,False,False,False,1.5674983978271513,0.19156710338148036,-16.317370935058744,-1334306.9489839312,2.645000457763672,66.50834090817933,-40.552472942318374,0.157401691171059,-0.6997792252009778,41.365779040795935,,2.563504986883407,0.0,-14.264026684907215,-3.6137546098678044,51.164389535284734,,16.425477370562554,0.19190883079279117,,-20.335279872478512,7.654100149022358,50.35185587536761,-1436604.7619047621,2542.592068933569,-0.19873967732999565,-75.8660820398156
2020-05-11,65.38999938964844,67.97000122070312,65.26000213623047,67.54000091552734,3958000,0,0,16208708.5407775,16.25869272207617,28.0,2.7183235168457003,0.4716851881198864,-33.82233853042116,-0.06376124908925167,False,False,False,False,False,False,False,False,False,False,False,False,False,False,False,False,2.7880023956298885,0.34372148154364174,-1.334318474326476,-205078.1713249546,1.970001220703125,66.5427548628233,-42.672387094018234,0.44983660881146836,-0.5424843816134572,48.668722448989925,22.383789858265132,2.3511665992870814,0.0,-15.002219459885966,-2.4552238600396126,54.36739897100807,,25.635100399412796,0.4317425513029899,,-19.159736462053967,7.364570530657064,54.12878315555747,-1059047.6190476194,138295.03902160504,-0.01677127764006925,-56.697439746696936
2020-05-12,68.37999725341797,68.86000061035156,66.58999633789062,66.75,3731600,0,0,13003160.119420614,16.423680711521037,24.000000000000004,2.2728232327629456,0.38043436098377953,-17.54047521830117,-0.08007168408664862,False,False,False,False,False,False,False,False,False,False,False,False,False,False,False,False,3.010500335693365,0.27131073884873724,-0.9055527085760104,-596919.4920473662,0.7900028228759766,66.54417443396511,-37.99635794899058,0.2982665161557131,-0.4797963313446374,48.247957684749466,22.477917427152942,2.163452895204886,0.0,-15.328892637659857,-5.42646887460056,52.599307002898236,,33.87220728939353,0.299352034376455,,-18.45486486418293,7.339656997278534,50.607797209124826,-671469.0476190476,56083.52483854309,-0.0393258862693312,-65.8198563453069
2020-05-13,66.27999877929688,66.41000366210938,63.84000015258789,64.69000244140625,3638000,0,0,11771622.457129216,15.542522111035726,-60.0,1.5009117575252873,0.1839791425355168,-100.61741015056353,-0.15260867535922185,False,False,False,False,False,False,False,False,False,False,False,False,False,False,False,False,-0.4230014801025419,0.08249329543110291,-16.7327411141431,-1582255.4386354657,-0.6249980926513672,66.5155511247566,-37.40320296611746,-0.059634389432269334,-0.5596468633967959,40.834594730361815,22.56700183801149,1.9465738602171219,0.0,-15.385578330350278,-8.65574312317594,48.197652266964006,,29.291778662881928,0.0,,-18.61579535335057,7.580774175170448,45.011842024417135,-67461.90476190485,-155921.45005970384,-0.2105267395170083,-89.6073679193504
2020-05-14,64.08999633789062,66.58000183105469,63.869998931884766,65.83999633789062,2868900,0,0,13073733.166985905,14.779556735379003,-60.0,1.149647129283224,0.32297537587959757,-80.85101739843152,-0.18708804039955743,False,False,False,False,False,False,False,False,False,False,False,False,False,False,False,False,-1.0725013732910185,0.18790065699530417,-18.460657539286903,-884902.1631698245,-0.8499984741210938,66.50971196090556,-36.17300524626832,0.20436740491176641,-0.5185222166352583,40.82039714489418,22.583368264316316,1.7460263610164428,0.0,-15.567272817938507,-1.980053397812339,50.678965771892564,,22.748263049192598,0.18034248246433782,0.23954526032134632,-18.124496749105358,7.765732395206649,42.97564033031295,-443238.09523809515,-61273.30159750207,-0.22606971302554313,-76.32798658776495
2020-05-15,65.5,69.0,65.5,68.69999694824219,3614900,0,0,16068929.72024344,14.81886059956048,-60.0,1.1406476637896361,0.7220204715763661,28.035521785923102,-0.1139595741734759,False,False,False,False,False,False,False,False,False,False,False,False,False,False,False,False,-0.5329975128173885,0.5669743974669694,-10.801088074149854,718457.603905845,-2.8249988555908203,66.59500680053877,-29.816842392284528,0.7996235304102366,-0.2934180428009854,40.38365921366034,22.667905728493057,1.6310321371184888,0.0,-15.468964866694966,3.8234832239790593,56.28685611307086,,37.58350209605866,1.0,0.22537599910922232,-16.137770497029965,7.72993973271693,53.19542932277688,-467680.9523809524,208026.80183765152,-0.18638209883062085,-21.314139204708706
2020-05-18,69.5,70.62000274658203,67.66999816894531,67.73999786376953,3240400,0,0,12982310.506095719,15.299858467343524,-60.0,1.286941494661221,0.5934578084364922,76.48561666629016,-0.10389561447750667,False,False,False,False,False,False,False,False,False,False,False,False,False,False,False,False,-2.1089981079101534,0.4561199489376548,15.434528283745617,171423.51287283935,-2.0149974822998047,66.61471161260958,-24.863831041894855,0.6162704827289759,-0.20791409566859786,52.206820302205394,22.824285375540803,1.5486984557569279,2.0,-15.330033875182746,1.7422589378388853,54.06471992632627,,53.39696777775426,0.7252960576813682,0.21465649246539867,-14.883615550079437,7.453136711240865,51.13224137466246,-189221.42857142864,111745.72130011131,0.09248362384811826,-42.16697087426359
2020-05-19,67.37999725341797,68.44999694824219,66.87000274658203,66.91000366210938,2370000,0,0,10732313.693069687,15.419902170519956,-60.0,0.9918829413021371,0.471208227828884,11.843210199537562,-0.10304416665509433,False,False,False,False,False,False,False,False,False,False,False,False,True,False,False,False,-1.2524990081787166,0.3602776184649052,9.369282001898991,-134077.88295679056,-2.0149974822998047,66.61904320458585,-24.874979645783668,0.4484600705422678,-0.20562063813769016,55.33954455906741,22.969016237646304,1.4677030090692524,0.0,-15.539547247178785,2.985997237118806,52.147865468439996,,60.733245933367094,0.4883315189760158,0.2037748446964897,-14.18940363849545,7.073077591780958,47.077197764638484,-161328.57142857136,-74319.42811132646,0.029009028534227044,-54.31915212092643
2020-05-20,67.5,67.5999984741211,64.9800033569336,65.31999969482422,4129300,0,0,7674730.864480954,14.801534208026947,-60.0,0.9412062588859982,0.26894850671765985,-54.78456615701849,-0.13683512060762432,False,False,False,False,False,False,False,False,False,False,False,False,False,False,False,False,1.3889987945556612,0.1766743048746215,6.441254533038442,-1052867.2399787628,-2.0149974822998047,66.61226679981782,-22.056895430606204,0.1673714056138197,-0.30363552696114926,57.02996905258208,23.0965730950717,1.350380194036022,0.0,-15.131513815792868,-0.8199224271529523,48.593506754465324,,41.97167480989818,0.04893614934575211,0.188090186327909,-14.297651415087959,6.816618892519164,40.18493626570987,103830.95238095243,-127164.65645103538,0.0022022734839677316,-77.59885257511544
2020-05-21,64.75,65.80000305175781,64.1500015258789,65.6500015258789,3253700,0,0,10336843.575502876,13.924814847772923,-56.0,0.619588919246894,0.33521190893457786,-86.10556676628136,-0.09572082829248997,False,False,False,False,False,False,False,False,False,False,False,False,False,False,False,False,-1.2814998626708984,0.2147807693358107,8.873027491756408,-749068.0688814202,-2.0149974822998047,66.60043120923544,-21.28177213442413,0.26951541118898836,-0.3361613101983758,57.274319243275315,23.117299873269857,1.2212472553344316,1.0,-14.717071949908286,-3.9502516584026983,49.36490592132766,,31.59272351230165,0.14429771786817158,0.1705146712517166,-14.19301569345607,6.286244017850812,45.96073758252301,122271.42857142864,-81687.93480602343,-0.0014215656827321066,-73.30382476705319
2020-05-22,66.22000122070312,66.2699966430664,64.69000244140625,64.83999633789062,2661000,0,0,8181078.03538322,13.275168280680388,-32.00000000000001,-0.03411701426787772,0.2291045669237886,-76.44159098366386,-0.15501695529659953,False,False,True,False,False,False,False,False,False,False,False,False,False,False,False,False,-1.8844989776611385,0.12124664011354236,12.886348990890834,-949976.0312179055,-2.0149974822998047,66.57813468275606,-22.22776578477655,0.15826957517027787,-0.39792114055202166,57.63787706341952,23.061987968023075,1.0691705558722933,0.0,-14.565153237128321,-1.0076391787929388,47.48150909465013,,21.282174429254187,0.0,0.1496941934003925,-14.47535801548529,5.932597823788143,44.11919469958099,192057.14285714272,-16394.093961505227,0.04437999401081483,-85.25079937006882
2020-05-26,66.05000305175781,66.08999633789062,64.08999633789062,64.48999786376953,4113400,0,0,5713044.311933513,12.436417020472309,-80.0,-1.0390883501838317,0.15504754342439825,-93.88137538764468,-0.17323656004229143,False,False,False,False,False,False,False,False,False,False,False,False,False,False,False,False,-0.2980022430419922,0.10248854474085757,-3.9028407674005074,-1019934.2729653057,-0.8899974822998047,66.47606883410722,-29.155657912700875,0.14653048486624928,-0.44450325633028454,49.38198556070088,23.051584336294198,0.8997023047451879,0.0,-13.886114255781823,-0.18573401245689647,46.65324579402895,,17.01078636184359,0.0,0.1262839903420227,-14.878523746863156,5.92896809937247,37.57253950417919,124200.0,-55035.68173102985,-0.108592560929894,-90.41301677734724
2020-05-27,65.12999725341797,65.73999786376953,62.369998931884766,65.69000244140625,3246900,0,0,8863605.921238208,12.08048392709063,-80.0,-1.8437650343951049,0.41416188214691396,-102.42539578126609,-0.11862084734676827,False,False,False,False,False,False,False,False,False,True,False,True,False,False,False,False,1.4360012054443416,0.4024244817447169,-9.97430681143464,-317615.8249518818,-0.9149971008300781,66.46529133513798,-37.27300444651913,0.4066456765925043,-0.3791996766631132,49.06409807834611,23.17681652864764,0.7551628225279816,0.0,-13.27627467253272,-0.28839529437269595,49.881330159894326,,21.526210675685217,0.3350856282285683,0.10549183629999469,-14.434873201549122,5.640229571142344,40.71822131968633,94790.47619047621,38213.40456322924,-0.15575278458915875,-59.75755182552831
2020-05-28,66.38999938964844,67.73999786376953,65.61000061035156,66.9000015258789,3041500,0,0,9506183.708925854,11.45097051853061,-80.0,-1.8813241509830192,0.6558680227013011,40.39394879752078,-0.04361814762766175,False,False,False,False,False,False,False,False,False,False,False,False,False,False,False,False,0.6095001220703153,0.5490909696216145,12.121657620093336,253502.46653032763,-0.9149971008300781,66.47975183544085,-35.80716007798083,0.6539456757945874,-0.24568953338748,55.26789076113643,23.33536316905921,0.6613790615852091,0.0,-12.809529878848823,-0.9475856988051988,52.97151652845691,,34.91284278642864,0.6558569970324821,0.0907380232039775,-13.2487001590637,5.177873497258514,47.790933866032084,193730.95238095243,116440.97306099333,0.07871153725637647,-45.090903037838544
2020-05-29,67.18000030517578,67.83999633789062,65.0999984741211,66.25,5282500,0,0,8657908.37806326,10.669713621704789,-80.0,-1.5799721325144986,0.5259399581677996,17.211183345356844,-0.0654170466101255,True,False,False,False,False,False,False,False,False,False,False,False,False,False,False,False,-1.433997344970706,0.47030294230931957,11.110931193076919,-273231.1801819081,-0.9149971008300781,66.47799694001958,-32.64556932483162,0.5225372799232114,-0.1945685772559298,47.544498578351295,23.548161044485155,0.5870791236683632,0.0,-11.414161197502319,-0.7490636704119851,51.14711553307119,,47.39394645585504,0.46647825583723274,0.07854094397696944,-12.591104618950375,4.923750889973048,49.41362736734446,346245.2380952379,4699.074050235235,0.06077148539323196,-52.96970576906804
2020-06-01,66.04000091552734,66.33000183105469,64.7300033569336,65.69999694824219,2742700,0,0,9240713.328114519,10.017455423666414,-80.0,-1.5860009922700868,0.4032422335498029,-39.44361598792939,-0.04911659879544545,False,False,False,False,False,False,False,False,False,False,False,True,False,False,False,False,-0.32050323486328125,0.4036359365586083,2.205596109478414,-449697.2073068001,-2.0,66.41806845663088,-29.72498259708822,0.403169034529647,-0.19094228232780303,40.46629675122971,23.717325950913,0.5142585720182824,0.0,-10.614039452990221,1.561283766762495,49.59074175659663,,47.43432828298475,0.3049216093743578,0.06679077952402576,-12.336534679640016,4.906447390754214,53.30107567346973,264985.7142857141,-74094.56897617252,-0.05385341864971027,-59.63640634413917
2020-06-02,65.61000061035156,66.4000015258789,64.56999969482422,66.2699966430664,2965700,0,0,11785041.639393505,9.47800755119231,-23.999999999999993,-1.4720001781687984,0.5187282181674822,-31.08932153435266,-0.0425468399331862,False,False,False,False,False,False,False,False,True,False,False,False,False,False,False,False,2.5189975738525447,0.4727267767117695,-2.815840977486227,-143962.16412865935,-2.3050003051757812,66.41358902453273,-28.754963680242664,0.5167990208569672,-0.14536366244848825,39.38591548981596,23.831159355019974,0.45878565822908823,0.0,-10.116625830796703,0.6530989202505741,51.2464846558759,,44.88885518598992,0.47679309311151014,0.057407612748150656,-11.704627261395293,4.7547628692680615,55.19423853911841,294426.19047619076,2960.0935249701324,-0.12420898477145104,-52.72732232882305
2020-06-03,67.08999633789062,67.2300033569336,65.19999694824219,65.36000061035156,3044600,0,0,9220388.054904804,8.990660880953,-24.0,-0.9957350899191368,0.34594710638267906,-13.683053311073513,-0.12113782845860697,True,False,False,False,False,False,False,False,False,False,False,False,False,False,False,False,1.708498382568365,0.36242427829429014,13.780268977249625,-519192.415139367,-1.3900032043457031,66.3799232501241,-27.66635815328037,0.3383905635000386,-0.16999800121142217,46.36126254721661,23.792206863302162,0.39404943783598484,0.0,-9.782034995454097,-4.8617124981926,48.507192865410445,,41.29289971882227,0.19244571972326543,0.0471995602105521,-11.708680336067761,4.352529138347184,53.894187862569204,-409154.7619047621,-16077.559972345178,0.06751306731967432,-63.75757217057099
2020-06-04,64.80999755859375,65.56999969482422,63.34000015258789,64.38999938964844,4051900,0,0,8984176.648615513,8.947937060955416,-52.0,-1.2447349772733816,0.15291514769246936,-114.29501947896314,-0.08291951283410394,False,False,False,False,False,False,False,False,False,False,False,False,False,False,False,False,0.9340042114257869,0.24484842712012683,6.186755560059887,-1006500.3481433134,-1.3900032043457031,66.34164820645883,-23.368124251034946,0.1451906133019653,-0.2407910205385381,39.32787982648225,23.79024420900247,0.3024610511573861,0.0,-9.080120709027948,-4.9453772951959705,45.702826549508686,,35.99998273753956,0.0,0.03391247948719695,-12.306908216787235,4.2689407741902405,54.9854983108603,-57254.76190476213,-101941.20668751275,-0.048412493023574754,-75.51515728798732
2020-06-05,65.26000213623047,65.80000305175781,64.43000030517578,65.11000061035156,4518400,0,0,8951188.647345806,8.798872235589789,-52.0,-1.2955871582031193,0.3006540466108382,-64.37027584756235,-0.05235817334797742,False,False,False,False,False,False,False,False,False,False,False,False,False,False,False,False,-0.680999755859375,0.3321212620029972,-6.38837844988256,-397964.08189069736,-1.3900032043457031,66.32794785869295,-20.84341392085732,0.29902090871402154,-0.22840350044847385,40.26319159515797,23.73544508711336,0.21557055966117383,0.0,-7.961582448845769,-2.690185253684481,48.101277822896364,,31.313132247247154,0.2868311236827196,0.021205628126125968,-12.231894959706189,4.393239021011684,47.85504196052415,395776.19047619076,-9609.63715353216,-0.14367421143439063,-66.78787379970028
2020-06-08,64.36000061035156,67.25,64.19999694824219,67.18000030517578,4715400,0,0,13450145.217373572,8.348413088465437,-52.0,-1.1470290913301397,0.7430362013265226,12.826930901451886,-0.0007951941823563147,False,False,False,False,False,False,False,False,True,False,False,False,False,False,False,False,-0.41599807739257244,0.5830301999039159,-15.892802263070736,1053298.867089991,-1.3900032043457031,66.36831903780805,-18.743286536161428,0.7468990374174572,-0.07785507744448092,41.89053930619109,23.77401011644698,0.18593730090040406,2.0,-6.55124725005131,2.84752084972674,54.345255306499645,,45.60295313846907,1.0,0.015524110169578014,-10.463749736405251,4.3773362763784345,55.77233816377263,847352.3809523811,200437.8351003811,-0.22937645161934073,-20.888109496905262
2020-06-09,67.12999725341797,67.26000213623047,65.44999694824219,65.66999816894531,2887900,0,0,11264278.039693492,7.9346553583824875,-52.0,-0.9559705397661986,0.4310671181537168,10.217745674770674,-0.07051514790040317,False,True,False,False,False,False,False,False,False,False,False,False,False,False,False,False,-1.1325031280517521,0.39999972256759986,-6.000995352771055,279865.4333314252,-0.9050025939941406,66.35594770781621,-19.78050221105454,0.4292970293174657,-0.07689198006976196,41.49711979131551,23.82076749462795,0.1566829784177254,0.0,-5.798172740666882,0.030459470832645254,49.652402878980986,,57.55103300224915,0.4569984249251049,0.010285007994402615,-10.017065061273577,4.36314446144485,54.35073950611487,422359.5238095238,85002.41939274849,-0.08685525275508699,-39.67091769664704
2020-06-10,65.8499984741211,66.08999633789062,64.0199966430664,64.41000366210938,3862300,0,0,8857363.867446063,7.851575915351331,-52.0,-1.087824137070612,0.18080609601175301,-81.09363987740016,-0.059015397312639564,False,False,False,False,False,False,False,False,False,False,False,False,False,False,False,False,-1.365501785278326,0.24727318629724385,-4.768763135799594,-455326.31196627,-0.9050025939941406,66.31862839106708,-19.389487040361434,0.1795925970063892,-0.1536063987851903,41.77326095979804,23.828651904013217,0.09824881616731768,0.0,-5.066576724399386,-0.6631596237922281,46.0769217123939,,58.91180323066916,0.04328588333257613,0.001814756563657265,-10.51273439468106,4.303767299629182,51.1740374943221,222730.95238095243,-139016.23481602888,-0.0837290919083179,-62.705563114440274
2020-06-11,63.84000015258789,63.9900016784668,59.650001525878906,60.2599983215332,4133600,0,0,5885737.446185719,9.308460132500262,-72.0,-1.393500283185162,-0.31308552867079303,-287.8956774471657,-0.083198600762506,False,False,False,False,False,False,False,False,False,False,False,False,False,False,False,False,0.056002998352056466,0.05560590043536923,-24.266402469363495,-2840917.1353718974,-1.6800003051757812,65.51681630115411,-24.190717622044467,-0.6493499295839533,-0.45906972289155074,41.257674484951316,23.98300341834279,-0.07738010046495035,1.0,-4.2597973035894725,-6.559155965816431,36.70232681891961,,35.023864076643896,0.0,-0.020752575719668747,-13.708976174892124,4.96924846110966,40.17684805642471,-34052.3809523806,-340437.28752985445,-0.1916593028171667,-92.55192695898103
2020-06-12,64.23999786376953,64.29000091552734,60.400001525878906,61.939998626708984,6176800,0,0,4599557.28418364,10.507881183374668,-72.0,-1.7269121394437832,0.023662026018329584,-186.64106840024593,-0.11443408540114236,False,False,False,False,False,False,False,False,False,False,False,False,False,False,False,False,1.4610019683837834,0.20875085196055249,-24.046508720839494,-952639.5610316601,-1.6800003051757812,65.30234841956721,-24.510845097677095,-0.24044982177693214,-0.5187918839759577,44.73971955852958,24.21059227924423,-0.2767195648889882,0.0,-2.6188373047408993,-5.708637045709003,41.85929808162897,,24.234473400185696,0.2922967843087772,-0.046787749529570176,-14.770142525731114,5.175340554730049,42.64406120558946,811119.0476190471,-94128.04567458719,-0.17712503616398745,-72.03908972602166
2020-06-15,60.43000030517578,62.630001068115234,59.540000915527344,61.97999954223633,4822000,0,0,7392879.482881211,11.881100943199995,-72.0,-2.3579998913933196,0.07189585965901972,-198.1603175301613,-0.1152810289312014,False,False,False,False,False,False,False,False,False,False,False,False,False,False,False,False,1.1470003128051758,0.2202164461625116,-28.459357139453914,-788993.2787881584,-1.6800003051757812,65.13280733191738,-23.783760765533412,-0.17219561652845283,-0.5248360085707987,44.37657035485615,24.49718886141005,-0.47929279650242557,0.0,-1.1020838046149057,-7.3542628870335305,41.98050465313956,,21.6021911147335,0.29916676462955644,-0.07384193802026041,-15.572803440822739,5.327411444894996,46.73969409964843,1080404.7619047617,175318.27057095294,-0.2199169314441708,-70.60240997079687
2020-06-16,63.97999954223633,65.11000061035156,62.86000061035156,64.08000183105469,3821700,0,0,7715604.96302444,11.928975844802839,-72.0,-2.725970279469216,0.37869953250160043,-52.55936302509043,-0.0694437666953397,False,False,False,False,False,False,False,False,False,False,False,False,False,False,False,False,0.7799970626831083,0.5095401725048829,-8.590837806148253,470231.29634973896,-1.6800003051757812,65.10909050955178,-20.845103004230673,0.3118078608239841,-0.3642582542801029,50.713115332621456,24.67059072559434,-0.6201038904056182,0.0,-0.12302640089775674,-3.2754689342570753,48.0978848530805,,37.35244556066437,0.6458994629028247,-0.09407599534298244,-14.387120958305562,5.3414508297726995,47.85138126867265,935380.9523809529,132600.6419410345,-0.015037717786061777,-45.3011636211884
2020-06-17,64.23999786376953,64.23999786376953,63.029998779296875,63.529998779296875,2814600,0,0,7227122.425523731,11.973431110576911,-72.0,-2.9018817004035498,0.3197288522879101,-65.98543022510684,-0.045948088277728186,True,False,False,False,False,False,False,False,False,False,False,False,False,False,False,False,1.5189970016479464,0.4807228993185936,-22.771429722985324,181907.02694584214,-1.6800003051757812,65.07913390762992,-17.977896788922948,0.23360343658143518,-0.27594981722476786,45.40089655723279,24.72678338136517,-0.7271129135754772,0.0,0.06889979514829268,-3.3028892994543297,46.70882647980056,,44.05623877995804,0.567167727734381,-0.11033571060035331,-13.800165337320635,5.490835458992004,43.17037476389495,-169145.23809523787,105328.68443810495,-0.18519597436838942,-51.92771006814064
2020-06-18,62.959999084472656,64.13999938964844,62.599998474121094,63.95000076293945,2891400,0,0,9405065.668807143,12.17674658440441,-72.0,-2.501882194070248,0.39206291176539926,-60.03035973604205,0.023056374644576823,False,False,False,False,False,False,False,False,False,False,False,False,False,False,False,True,0.6775009155273466,0.531325575858744,-23.02006802264956,329405.12816845765,-1.6800003051757812,65.07139495549936,-14.11053653961691,0.3453111588739863,-0.1750352616134344,47.61361305373875,24.706563839611405,-0.7952223347743462,0.0,-0.23067243546033772,-3.500823898668005,47.94513473966233,,53.29848921104184,0.6372415967483651,-0.1217858150901646,-12.961180371852974,5.558060568041488,47.40522067632548,-641885.7142857141,-5042.6245666030045,-0.19532410340565642,-42.875658677545466
2020-06-19,65.01000213623047,65.36000061035156,63.720001220703125,64.22000122070312,5942900,0,0,7085886.529626466,11.76322434075947,-72.0,-2.0440587436451665,0.44196755540080146,-10.327903734670187,-0.04181983716774463,False,False,False,False,False,False,False,False,False,False,False,False,False,False,False,False,-0.2210002899169865,0.5638557694340549,-16.796965883795682,511573.78420778166,-1.6800003051757812,65.06242215438115,-9.215809943479513,0.412643274081769,-0.08068334905431984,55.502243202675416,24.633237672143174,-0.8268385054879117,0.0,0.4146343027359436,-1.744185096393477,48.76796627028891,,55.2727957599186,0.6838796325600401,-0.1284870288213788,-12.037906150246906,5.560273248345568,47.62878949755471,-163404.76190476213,44206.53444681734,-0.07035207724378578,-39.378243974558146
2020-06-22,63.869998931884766,63.97999954223633,62.65999984741211,63.099998474121094,4530700,0,0,5575644.467377529,11.809180555074388,-68.0,-1.5508825414321024,0.2924171634786726,-67.94223536613441,-0.03272874044844956,False,False,False,True,False,False,False,False,False,False,False,False,False,False,False,False,0.5860008239746151,0.42891560506187626,-19.13748953265298,-286421.9626703598,-2.265003204345703,64.9377449763541,-7.473188519741264,0.18823681505900539,-0.08391372071366843,48.89486258411368,24.455352207289753,-0.8599668797904687,0.0,1.0398091342830216,-2.0034181204460904,45.55141317790103,,54.62001602304368,0.5015656196311655,-0.13480508972670452,-12.062289257647429,5.714680107960229,51.54070218413158,296842.8571428573,-53924.57190236603,-0.14094182261238608,-53.886049278765384
2020-06-23,63.630001068115234,64.44000244140625,62.650001525878906,63.77000045776367,5276700,0,0,6902179.48542807,11.617621588805587,-11.999999999999993,-1.5346176147460966,0.3958125105176889,-43.68891011047374,0.014722449288160352,False,False,False,False,False,False,False,False,False,True,False,False,False,False,False,False,2.692000389099121,0.50963878014187,-22.068953161318774,259552.52729494756,-2.6300010681152344,64.9086544364621,-5.167269690063314,0.34871244032835524,-0.033712259768805986,50.68410967560511,24.282229278565,-0.8736642514394806,0.0,1.891947181524979,-2.0580558132798568,47.770692815854346,,53.84281275571316,0.6273542402400176,-0.138346602197451,-11.47398822460231,5.727967908301368,55.44010168088001,932507.1428571427,-22987.30696916079,-0.17226897538914876,-45.20726847953702
2020-06-24,63.45000076293945,63.97999954223633,61.119998931884766,61.880001068115234,5176400,0,0,4476880.337465865,12.053847762127079,-12.0,-1.6244115268482915,0.16213261110062444,-97.28426413776015,-0.05304403261163378,False,False,False,False,False,False,False,False,False,False,False,False,False,False,False,False,1.3724983215332003,0.28192788471702745,-19.076915335729716,-1175153.953829498,-1.5449981689453125,64.80755583227571,-5.727682776725594,-0.04960144132321803,-0.11594887478509652,49.88761761597487,24.280747290124296,-0.919795744694359,0.0,2.787226533315452,-7.889251582293036,42.50737104906904,0.0,43.73918675147286,0.3290295165134274,-0.14525521272880004,-12.365143254894216,5.868902498836789,48.24837401529215,596685.7142857146,-97388.33479690942,-0.12400612868118077,-69.68912198727908
2020-06-25,61.5,63.40999984741211,60.650001525878906,63.36000061035156,5567400,0,0,9842565.901453994,12.637267830476016,-12.0,-1.7893229652853506,0.3878460212056512,-81.47234030216546,0.003946961858035077,False,False,False,False,False,False,False,False,False,False,False,False,False,False,False,False,0.28950386047362997,0.4602411809206202,-22.347640637409167,169832.24692422058,-1.2399978637695312,64.71912430727332,-0.4309281383901862,0.33094837836500096,-0.0615544009726301,50.564220098141085,24.32014308045033,-0.944768797852355,0.0,3.7825129793906465,-3.517584320089299,47.395121283109326,0.0,44.86182101364201,0.6060668710252408,-0.1494407753688843,-11.709839820244047,5.973008140100236,52.708957795475975,867323.8095238097,-20259.948405648465,-0.1861192192906459,-50.51814649225795
2020-06-26,63.16999816894531,63.279998779296875,59.58000183105469,59.75,19625800,0,0,-7979800.144000739,13.57365400722875,-56.0,-2.288823172625378,-0.040877453992708236,-142.77504639015314,-0.16709744229437087,False,False,False,False,False,False,False,False,False,False,False,False,False,False,False,False,-3.535501480102539,0.027201949646004055,-25.973876099544302,-9975736.642441766,-1.2199974060058594,64.57031444773935,-1.8802058266040618,-0.38432491583350475,-0.24906527950493407,34.93602898858374,24.50911723383164,-1.0440628637013685,0.0,8.549075321744589,-7.234906687097002,38.74303480553719,0.0,27.504308828354482,0.1575827027696941,-0.16215310554730059,-13.796010553654792,6.440616733171064,43.849304318518385,4585328.571428572,-985043.0518759093,-0.24951437530617881,-97.27980503539959
2020-06-29,59.849998474121094,62.599998474121094,59.56999969482422,62.59000015258789,5993200,0,0,-2026152.5959833749,14.446850524621793,-56.0,-2.5731761595782103,0.3568705574916277,-98.42033085660056,-0.10957918373476094,False,False,False,False,False,False,False,False,False,True,False,False,False,False,False,False,-1.7000013351440444,0.3950775589103803,-30.040157668114595,-6119104.420022979,-1.2249984741210938,64.55459823005738,-0.7636508996945892,0.27797540987705044,-0.166176465836123,41.035746575255345,24.743155908163093,-1.1109486627147338,0.0,11.636404220172121,3.8665813075903928,46.94813092811994,0.0,32.92231828789432,0.8491720766641636,-0.17125520617363002,-12.809123803181723,6.456855687771729,49.41144338502825,4635788.095238094,-833334.8708905082,-0.29369151544849825,-53.43509360865954
2020-06-30,62.709999084472656,64.12999725341797,61.08000183105469,63.54999923706055,5354100,0,0,1291637.869510448,14.332593380340894,-56.0,-2.6105884439804896,0.506639808548831,-29.63840066110313,-0.09973978896890764,False,False,False,False,False,False,False,False,False,False,False,False,False,False,False,False,-1.5240005493164048,0.5194297522621348,-18.878628484226102,-4510670.774566119,-1.2249984741210938,64.54688468043618,-0.12357398354799898,0.5081241189098239,-0.037750058550141796,46.92566318586588,24.9709498100643,-1.1271856895612062,0.0,13.33623555256413,2.599290678152063,49.4146804139622,49.99999999999999,39.39513992391781,1.0,-0.1743378682551717,-11.201356957292875,6.368230836084285,54.856347818725844,4458130.9523809515,366985.7300784392,-0.13863466165889937,-31.09968158418749
2020-07-01,63.970001220703125,65.88999938964844,63.959999084472656,65.41000366210938,4312900,0,0,3459280.6198079153,13.314755698543042,-56.0,-2.129706012501444,0.7743342859694791,83.68233188606399,-0.05410704782666603,False,False,False,False,False,False,False,False,False,False,False,False,False,False,False,False,0.5735015869140625,0.7603629298451589,12.797895882563719,-2720287.3660862315,-0.9599990844726562,64.56365395295585,3.2185053063938724,0.8968942610830902,0.17000838399927987,52.13285814832629,25.02155246522425,-1.0613376335468174,2.0,13.786022239323284,5.534049927728166,53.88800956315163,75.0,69.30207838516601,1.0,-0.16730227425857291,-8.356181731882288,5.7424293640754875,59.70359853559979,-658976.1904761903,208352.16498256897,0.16056957769668545,-7.558989651654978
2020-07-02,65.88999938964844,67.62999725341797,65.81999969482422,66.5199966430664,3399800,0,0,2689152.2603407092,13.126163830859435,-56.0,-1.234824045966647,0.893399753805854,147.47804111595204,-0.05948579139207354,False,False,False,False,False,False,False,False,False,False,False,False,True,False,False,False,-0.08300132751465128,0.8627934347568589,17.281166534689742,-1792567.1514085252,-0.09000015258789062,64.61524927243664,10.125529870567952,1.1062317340202101,0.3683481067771527,50.61977210137472,25.03147561669529,-0.9174938463408776,0.0,13.13427005178104,3.8077321196786222,56.36774286929983,87.5,82.54022407994783,1.0,-0.15006966930423227,-5.229228418014326,5.350686340761089,59.464446740780765,-1325085.7142857146,183925.35906080727,0.24411759459021898,-13.720656524314109
2020-07-06,67.52999877929688,67.55000305175781,66.12999725341797,66.62999725341797,2886800,0,0,1835301.705600027,12.951042810867511,-56.0,-0.14076525744269475,0.879680673974274,139.58500545449618,-0.068295642885141,False,False,False,False,False,False,False,False,False,False,False,False,False,False,False,False,0.2610008239746122,0.8763905497316036,23.452547780353438,-1491121.8780697517,-0.09000015258789062,64.66506483537805,14.470331896342653,1.1112020881120184,0.48573034569224455,55.636628665612804,24.947392478529768,-0.7278760462569566,0.0,11.608215469271759,4.8795821402271455,56.61672773987506,93.75,88.7711340583656,1.0,-0.12606658635315074,-2.679157879174609,4.9346010682276695,60.600392176548745,-2009290.4761904762,62467.58663914175,0.34178785087728614,-12.406951648934156
2020-07-07,66.01000213623047,67.18000030517578,64.94000244140625,65.83000183105469,2431700,0,0,1335935.258959859,12.16741980565939,-56.0,0.9449704675113395,0.8009721683874503,105.73240379350132,-0.11887316743726199,False,False,False,True,False,False,False,False,False,False,False,False,False,False,False,False,0.5985012054443359,0.7775035553560449,6.124954810962824,-1556011.4481399003,0.0149993896484375,64.69942765505668,16.844839230736458,0.9564053166099168,0.48703573259817695,51.515285787624656,24.936582974294236,-0.5379542973963205,0.0,9.391731944157021,2.939798351346916,54.19459284453691,96.875,83.84664521772926,0.864486040784281,-0.10069573189407878,-1.2462247218440623,4.788768836224065,54.87540709476638,-2537071.428571428,-24422.54327452852,0.13199754180061296,-22.332456173564044
2020-07-08,65.87000274658203,66.5,64.55000305175781,65.58999633789062,2490600,0,0,1501962.266276264,11.353381258529831,-56.0,1.591764932520249,0.7694543118952346,89.36860703939588,-0.09616964964937155,False,False,False,False,False,False,False,False,False,False,False,False,False,False,False,False,-0.5175014495849624,0.7478366082846397,4.207755564506495,-1419118.0528734024,0.0149993896484375,64.71640417832539,16.909024631467346,0.9110106868636775,0.4501451629995391,51.68497940562024,24.93894413966212,-0.36260760584061885,0.0,6.795987321014817,2.1332841655970625,53.45572603640299,98.4375,79.98346648492425,0.8231478119779411,-0.07601742932518755,-0.2740346619493077,4.5823362636213405,61.5835964607043,-2816995.2380952383,-38276.6152156323,0.11746450332873348,-25.310192722729166
2020-07-09,65.18000030517578,65.2699966430664,62.58000183105469,63.310001373291016,3700500,0,0,-190085.30550116138,11.504543289832734,-56.0,1.4613238054163276,0.4653533035861431,7.46833946010858,-0.08926970775362915,False,False,False,False,False,False,False,False,False,False,False,False,False,False,False,False,0.207500648498538,0.46600768409577015,-3.0918375229071224,-2421689.9548201812,0.0149993896484375,64.69587003686632,17.508992525847262,0.44729634645820104,0.2600346382984916,51.12910981802467,24.9880669127023,-0.2611091440950697,0.0,4.475720787086149,0.33280967392740807,46.91244389800745,98.64054489739209,66.25312369845902,0.4570633009351795,-0.059624059153617986,-1.29613478996491,4.595652224284943,52.22742402160959,-2603554.7619047617,-137714.59406457984,0.032986662383018284,-53.59798000832986
2020-07-10,63.5099983215332,63.52000045776367,62.18000030517578,62.84000015258789,2562700,0,0,-228335.430332845,11.813158629754836,-56.0,0.74882424298454,0.37240963736499616,-40.62094513717524,-0.061276333290757976,False,False,False,False,False,False,False,False,False,False,False,False,False,False,False,False,-1.8114988327026396,0.40791109157918165,-9.413087769314943,-2247801.693888141,0.0149993896484375,64.6820021828853,15.216925182279954,0.3235552237357257,0.09877162267042586,45.28846237242399,24.956333737258383,-0.22236557465335646,0.0,2.003941229459534,-1.4583664709109445,45.671376695264385,94.95971063958562,53.887521613469175,0.3876278906200116,-0.05081022099650151,-2.4910200113977465,4.695146130559099,48.901629121030794,-2318445.2380952383,-147659.2608082355,-0.10134940837275574,-59.42926242853357
2020-07-13,63.0,64.7699966430664,62.93000030517578,63.529998779296875,3017300,0,0,-1277832.1704187589,11.405417734339693,-56.0,0.19876511517692563,0.46281440176721295,1.264205811156359,-0.06083045041360711,False,False,False,False,False,False,False,False,False,False,False,False,True,False,False,False,-0.4109992980957031,0.49320144251262765,-2.518399311012323,-1629268.1867085467,0.7700004577636719,64.60117620263452,16.3514126614579,0.4563580496747083,0.03784670039707355,50.48796669887137,24.970160280663155,-0.20741304773659686,0.0,-0.29564380205652174,2.666447451035729,47.85247319416136,89.79248784919146,45.36809157800416,0.5096561981952629,-0.04527149007863364,-2.8844580958956034,4.577769389773113,44.762139483431774,-2034778.5714285718,14105.704874845087,0.03143529773776532,-50.868482829124225
2020-07-14,63.150001525878906,65.31999969482422,63.11000061035156,65.27999877929688,2597600,0,0,1225734.869202326,10.736938675650434,19.999999999999993,-0.14449994704303037,0.7103500563986401,38.28889575531079,-0.06533352063544681,False,False,False,False,False,False,False,False,False,False,False,False,False,False,False,False,-4.185999870300293,0.7084368255651055,-0.845463452407218,-747115.5886073259,1.3199996948242188,64.63470252597072,17.988133423367195,0.8290276118639517,0.11056608726692461,48.5768098963154,24.917851663251852,-0.16419037844238452,0.0,-2.5586404937778573,3.0303001111897543,53.00555686288232,88.13259070312765,53.515312432950964,0.7979616808759664,-0.03676805183270557,-1.722314956747471,4.405547084133218,50.17508783267666,-2211047.619047619,104684.29274299496,0.03925006620415017,-29.156317443489456
2020-07-15,65.7699966430664,66.37000274658203,64.5199966430664,65.5999984741211,3163600,0,0,1755845.7020820212,10.355186198475725,20.0,-0.2013827043421088,0.7423653839342075,79.65664235370615,-0.06357978530226058,False,False,False,False,False,False,False,False,False,False,False,False,False,False,False,False,-1.421999549865717,0.7481390329786831,8.218995444782982,-495763.2138711511,1.3199996948242188,64.67054707492134,17.916536310130304,0.890469237473282,0.1717277863514538,54.791490328273944,24.88838717091522,-0.09727850991985074,0.0,-4.460115437683504,9.79079242530727,53.902585371175675,90.43183366429955,64.92970100841826,0.8481487637350457,-0.02559572912186063,-0.5092406931366655,3.8902183967946375,52.45826588508361,-1866976.1904761908,87061.42673864131,0.17476619566126017,-25.18609670213169
2020-07-16,65.55000305175781,66.93000030517578,65.47000122070312,66.02999877929688,2624500,0,0,1144653.2557099052,10.272274991749105,20.0,0.26758814419017085,0.7798634589991039,98.49109590530546,-0.06502074014249386,False,False,False,False,False,False,False,False,True,False,False,False,True,False,False,False,-0.5870004653930607,0.8014889629321116,13.060350195280039,-263720.4974704384,1.2800025939941406,64.68700968795886,17.677385932723574,0.9595411039544236,0.22906773291994106,52.85252652061288,24.825562993324244,-0.008278624439535476,0.0,-6.271225293201168,5.496083429178186,55.14168597214392,95.21591683214977,75.26882738253005,0.9174741463249948,-0.011756606442372645,0.852453336108507,3.589180444077143,51.40975023260588,-1787702.380952381,32711.118686347992,0.2620171118567398,-19.851103706788837
2020-07-17,66.54000091552734,66.91000366210938,66.18000030517578,66.2699966430664,2138400,0,0,-466493.91149848094,10.195286014074387,20.0,1.0043824476354217,0.7877074176074356,99.76127690700588,-0.10638190112578469,False,False,False,False,False,False,False,False,False,False,False,False,False,False,False,False,1.1570041656494112,0.8312653818484722,14.70958103005609,-152730.22184826643,1.095001220703125,64.69846112731582,13.77021646928961,0.9914297603302562,0.26835882067295863,76.05796101803215,24.520780240513666,0.09569807334302964,0.0,-8.165164690844636,4.280090383415197,55.854925733995834,97.60795841607488,79.36311259197561,0.9303994908181291,0.00402651307179357,2.1866561558585373,2.6642729162836516,51.473554698590036,-691669.0476190476,24975.688070231743,0.3536124194881657,-16.873461815152776
2020-07-20,66.43000030517578,66.44000244140625,64.38999938964844,64.86000061035156,2343400,0,0,-1735358.0861480876,9.821619798464484,20.0,1.3207653382245184,0.5817884273733916,42.092682078791846,-0.09889941841191899,False,False,False,False,False,False,False,False,False,False,False,False,False,False,False,False,2.234997177124029,0.6563278558176517,8.894580083617303,-602938.0048790805,0.970001220703125,64.70417156351428,11.933725872614207,0.6416847054780219,0.18836712981674322,68.73223234392754,24.219401211529256,0.16867538363556772,0.0,-9.933285347125388,-0.8408546414383058,50.74963242170721,98.80397920803745,73.66179327919265,0.463964628064011,0.016138742362772435,2.00787407618761,2.6518099475703956,50.480203691155864,-704369.0476190476,-42087.038683280814,0.30983920535264253,-42.29005464048055
2020-07-21,65.19000244140625,66.16000366210938,64.80000305175781,65.87000274658203,2697600,0,0,-188208.26061431086,9.474644026826715,20.000000000000007,1.573912957135363,0.7045556069652219,53.34853021772234,-0.06597741243795091,False,False,False,False,False,False,False,False,False,True,False,False,False,False,False,False,2.2064975738525447,0.7816383325129681,2.94382057084793,-127578.03808273864,0.970001220703125,64.70944267411886,11.743669399253186,0.85353844747686,0.1918139036278743,66.833803816484,23.932222952590436,0.24280736705988987,0.0,-11.355277830117,-0.9771406032566688,53.99353058029793,99.40198960401872,69.51432942393143,0.7603368636706491,0.028303052886275645,2.7568843273601003,2.654671062589444,52.08422427143615,-490252.3809523806,-7852.317724769724,0.2189645086412486,-32.29349527257252
2020-07-22,65.94999694824219,67.08999633789062,65.45999908447266,66.81999969482422,2446600,0,0,1447870.3896826743,8.98662893848818,68.0,1.7381479263305692,0.8056922624532044,81.99647474556706,-0.06452444130779851,False,False,False,False,False,False,False,False,False,False,False,False,False,False,False,False,1.2540021896362248,0.8995039945477263,-0.6886011947475704,222684.90072470056,1.0349998474121094,64.75204245801046,12.418910098750993,1.0477213966195245,0.24311103144143523,65.27632602565564,23.738972829494283,0.3363971156324558,0.0,-12.598459843330186,0.28516051213930266,56.871006260439906,99.70099480200938,70.18470041334541,1.0,0.04280293349948702,4.219360287973591,2.654671062589444,56.61532809977548,-254211.90476190485,77292.71844361247,0.10567504626161084,-14.862348846910864
2020-07-23,66.69000244140625,68.44999694824219,66.69000244140625,67.73999786376953,3335300,0,0,2092184.778939066,9.245816945706224,72.0,1.9205300723805152,0.8881623854637822,121.35530331646518,-0.0288390534083622,False,False,False,False,False,False,False,False,False,False,False,False,False,False,False,False,0.7209968566894531,0.9200451234149455,-2.6524171381106547,629225.6138902148,1.6800003051757812,65.20702705373508,15.035479710868382,1.2229843726650877,0.3192422026947882,65.26162996958494,23.688950345023173,0.4587126144105613,0.0,-13.191732511791928,2.901406622495066,59.51200653158585,99.8504974010047,80.50680015473044,1.0,0.060941747133888134,6.237178651829006,2.654671062589444,52.551714344583424,81028.57142857136,81207.0287794401,0.06735762009076218,-11.323755416325453
2020-07-24,67.87999725341797,68.04000091552734,66.83000183105469,67.51000213623047,2645300,0,0,2420118.1150046913,9.486491523837268,72.0,2.030294665168313,0.8201537502657386,107.49877253788507,-0.09305079357245219,False,False,False,False,False,False,False,False,False,False,False,False,False,False,False,False,-1.7664981842040959,0.8941446956360365,-3.497553554067537,452420.8550403153,1.7700004577636719,65.60986083949197,15.977391315565583,1.1294370611440436,0.3328304080287183,57.92475567897695,23.66393976976087,0.5857015266728839,0.0,-13.668172264261083,2.92728450303431,58.546801049946794,99.92524870050235,86.27398164494173,0.9302628931592333,0.07990178259471097,7.660838870536233,2.656221497820487,52.36786731304803,80845.23809523787,36939.9159229775,0.0478297000677691,-14.991950801938621
2020-07-27,66.80999755859375,67.36000061035156,65.81999969482422,67.2699966430664,3505200,0,0,5515601.597375351,9.05781991644927,72.0,2.2398532867431697,0.8001536935118972,76.00487914632404,0.21203482548892405,False,False,False,False,False,False,False,False,False,False,False,True,False,False,False,False,-2.612499237060547,0.8671170416498055,-1.0171343614460377,267608.2679433172,2.4099998474121094,65.83077638864789,17.437369137926463,1.0212481796638766,0.30510819012378537,56.26482888998843,23.680928539826944,0.7016424029112126,0.0,-13.577903983047232,6.254928421855979,57.4988039191006,99.96262435025118,84.95483404131399,0.8545440029613341,0.09769071467190737,8.589147291208867,2.643280021410058,57.545398398894015,357033.3333333335,-21442.885456725977,0.04356752203917169,-18.819791657794095
2020-07-28,65.7699966430664,66.70999908447266,63.83000183105469,64.2300033569336,7188700,0,0,323772.230271318,9.246845601623294,72.0,2.2297644446877882,0.2664524970419267,-35.16212768284356,0.03624044727161929,False,False,False,False,False,False,False,False,False,False,False,False,False,False,False,False,-2.0045007705688533,0.4274089026915114,-1.8025282741993653,-2892564.3040518635,2.1300010681152344,65.80097433836758,12.370103654592302,0.15548115086278091,0.07356256077240142,50.33043712201767,23.873605317235203,0.7294701243835541,1.0,-11.394480586761805,2.2119719939059546,46.214572395825996,73.5648605998204,66.29456617276354,0.039246458216527294,0.10451341628496191,6.102666507569826,2.95477071905917,49.65840343281038,1305921.4285714286,-337325.3653232173,-0.019752218937096777,-67.3045590219768
2020-07-29,64.56999969482422,66.76000213623047,64.5199966430664,66.33999633789062,2946400,0,0,2165259.68607884,9.39080432535392,72.0,2.0855588127584923,0.6252907844568999,15.251039957250896,0.013992523677757156,False,False,False,False,False,False,False,False,False,False,False,False,False,False,False,False,-0.3940006256103459,0.6634765964851227,8.51445595820015,-1591214.6436027696,2.1300010681152344,65.80710328040988,10.264722792903296,0.6907387393321175,0.05489479864623914,57.915765953312686,24.080131906625976,0.7500307876768414,0.0,-9.934895812177889,4.423103435521347,53.09513757839375,36.7824302999102,60.07443632291383,0.5363744981928102,0.1098901569564992,6.076998385519819,2.694877434333316,57.42394731453073,1460152.380952381,-228073.038967613,0.13535914762730017,-33.65234035148773
2020-07-30,65.12999725341797,66.86000061035156,64.27999877929688,66.80999755859375,2547200,0,0,4613725.048060825,9.651494078370463,72.0,1.575264751209943,0.6974276118479775,20.04509828652746,0.019028509165324715,False,False,False,False,False,False,False,False,False,False,False,False,False,False,False,False,-0.14400062561034588,0.7384369588998091,12.023033190626169,-1192871.5360345168,2.1300010681152344,65.81896230317611,9.019014783121698,0.802934977223622,0.06584779533506635,63.685685955836796,24.235732816198194,0.7745855236560182,0.0,-9.175499145410562,2.3437481738772705,54.491676309957434,32.30960619428194,56.444316229385606,0.6224587262193995,0.11526597008069729,6.487055760669108,2.2552033252200028,61.88430104897475,1141926.1904761903,114837.18847134846,0.20466512538342518,-29.71015193837878
2020-07-31,66.58000183105469,66.63999938964844,64.44999694824219,65.25,2527700,0,0,3932751.4952055537,9.893563134742966,72.0,1.1031465530395508,0.4197852673384411,-13.622750060894772,0.020796982376484023,False,True,False,False,False,False,False,False,False,False,False,False,False,False,False,False,0.34949951171874716,0.4896333873191364,7.512492476219511,-1585776.4350092176,2.1300010681152344,65.81131214754998,6.5555157309776,0.396421875048635,-0.03490752447837098,57.46321651018734,24.323733300110703,0.7608526454408655,0.0,-8.902358728482334,-0.5335342717411291,49.25020975366241,16.15480309714097,58.90414337676071,0.22828745206361947,0.11546587999520298,5.197880785416061,2.1224737745781375,57.924484536130194,-376769.0476190476,-40974.95984771032,0.12550903819075176,-59.925077579851525
2020-08-03,65.6500015258789,65.91999816894531,62.7599983215332,63.099998474121094,4564200,0,0,350721.6036709226,10.991886685391544,68.0,0.5574109582340014,0.0809481201489019,-109.49161324073364,-0.02414952707104728,False,False,False,False,False,False,False,False,False,False,False,False,False,False,False,False,0.7659973144531307,0.14673024904449997,-0.6647454061370353,-2761099.367781687,1.5949993133544922,65.75184679766525,1.4460944561090194,-0.11496658209823106,-0.2379708060967577,49.33267465506848,24.377425113604527,0.6698621147970603,0.0,-7.974846541562949,-4.437377494082973,43.09740288161485,8.077401548570485,38.78005667873592,0.0,0.10549339392289567,2.028288343576059,2.750091511770305,50.004370761883315,22026.190476190764,-209412.5651292923,0.008941207417047736,-94.02460044556211
2020-08-04,63.02000045776367,63.7400016784668,62.310001373291016,62.63999938964844,3607900,0,0,-1592004.145796887,12.218677510627305,-32.0,0.1366464390474249,0.06682438988904317,-150.01736382335574,-0.04673434462434957,False,False,False,False,False,False,False,False,False,False,False,False,False,False,False,False,-0.48449859619140057,0.07336512452224998,-9.525316087266926,-2603746.7005084315,1.3700008392333984,65.59450781659632,-4.679451753120752,-0.20826786104410064,-0.38611943211097044,42.00224899108406,24.31861256309021,0.5221130519122485,0.0,-7.113050656191494,-5.477587803375515,41.89154949902813,4.0387007742852425,17.14162879166197,0.0,0.0875776809962489,-0.8861096135707692,3.382465240752414,48.00228903964723,343857.1428571427,-176692.9675681266,-0.17574425734942234,-94.62543559960064
2020-08-05,63.16999816894531,64.0999984741211,62.70000076293945,63.97999954223633,2596700,0,0,559550.517269426,13.061978914146506,-32.0,-0.30444178861729654,0.29778390785923703,-93.73446455508854,-0.015016886600445362,False,False,False,False,False,False,False,False,False,False,False,False,False,True,False,False,0.6060033798217717,0.2870813717342341,-11.081214732506565,-1734700.2581179452,0.4100017547607422,65.52921102112128,-8.436447781526496,0.164225395820131,-0.376330629613992,41.835966491799645,24.189539288882962,0.37797465299598443,0.0,-6.788527582269181,-1.3567700583320492,46.58050139771886,2.0193503871426213,12.849550267793184,0.2661084153507965,0.06899866603292677,-1.8884865547288927,3.6856248616203504,48.63760363109445,368842.8571428573,29247.229046961704,-0.20334070001225857,-72.80131315145788
2020-08-06,63.58000183105469,64.27999877929688,62.93000030517578,63.720001220703125,1775900,0,0,862116.0159780788,13.693518225515053,-32.0,-0.7043536017922847,0.2500045274367286,-90.34646980481244,0.017296782320534995,False,False,False,False,False,False,False,False,False,False,False,False,False,False,False,False,1.5355003356933565,0.24561431260578642,-10.809355354740555,-1552847.509702641,-0.4799976348876953,65.39866651713194,-11.998538134837245,0.08105537491081641,-0.3693132829862546,41.25708442303062,24.08765381405716,0.23633076315060364,0.0,-7.22481656517752,-3.2640070384549498,45.80812432800061,1.0096751935713106,18.512478231669153,0.22227430433477038,0.04986198481904062,-2.9252617856222027,4.009804140269313,54.643190215881624,-534697.6190476194,48332.023035357844,-0.20992527085925772,-77.03581655393421
2020-08-07,63.720001220703125,64.86000061035156,63.439998626708984,64.27999877929688,1732400,0,0,1179313.5251454283,13.792087632652569,-31.999999999999993,-0.9718826854930143,0.3183175231454392,-67.21726155633792,0.02346007302232566,False,False,False,False,False,False,False,False,False,False,False,False,False,False,False,False,2.3834985733032283,0.32084671429450107,-0.5576028085090162,-1192420.755386862,-0.7299976348876953,65.34250162599264,-13.510938344656811,0.21773651093683977,-0.3112289310250501,45.71490798025583,24.018345949294975,0.11688713825027369,0.0,-8.17335094415494,-3.8012584961506493,47.81522564361229,0.5048375967856553,27.415847241352733,0.3361817536082547,0.032761407061585646,-3.201886353467399,4.175882295405501,52.32393630567968,-1116221.4285714286,8008.240710174439,-0.09240334378265413,-67.91532857054989
2020-08-10,64.37999725341797,64.44999694824219,62.779998779296875,63.0,3253800,0,0,-1217192.1553333513,14.27336232760587,-32.0,-1.1255591785206533,0.11627604055978867,-111.74267148999907,0.0010066670941694359,True,False,False,False,False,False,False,False,False,False,False,False,False,False,False,False,2.180002784728998,0.11237770748954841,-2.7530196069257804,-1617054.9371996205,-0.7299976348876953,65.18553271729824,-15.425266054939332,-0.13335161472805016,-0.34089656119104556,39.170844075387436,24.019852318031003,-0.014310816749073585,0.0,-8.587165146131328,-6.997339848315379,43.820216844260486,0.25241879839282766,22.09554187482364,0.10945614757146839,0.013846941347645301,-4.625985827282612,4.565348164971193,42.64748593621953,-936916.6666666665,-49567.42892129524,-0.13470612903243595,-88.76222925104516
2020-08-11,64.05000305175781,64.44000244140625,62.720001220703125,62.880001068115234,2762500,0,0,-3465739.5218633986,14.755741046306682,-32.0,-1.0155885247623146,0.13805081869882266,-105.50183800067282,-0.07766917355617517,False,False,False,False,False,False,False,False,False,False,False,False,False,False,False,False,2.0599971771240178,0.09283389342324594,-6.691863487255627,-1433403.8103613413,-0.7299976348876953,65.1381475963881,-14.343619431804594,-0.15857373967898059,-0.3492047550093397,33.439954900977966,24.016954967979125,-0.14909496825891744,0.0,-8.884745728293264,-6.8582445883681284,43.45366914970314,0.12620939919641383,17.53527717357657,0.0886537532930414,-0.005859603614031048,-5.889494910160935,4.951672923041312,39.08535822957195,-630614.2857142859,-70054.33003493096,-0.19402424324648693,-90.7166106576754
2020-08-12,63.52000045776367,65.33999633789062,63.52000045776367,65.05000305175781,2723500,0,0,-1610149.9643064034,14.410826149090827,-32.0,-0.8648828618666755,0.4793893652746062,-30.174692222276377,-0.05613435684533874,False,False,False,False,False,False,False,False,False,False,False,False,False,False,False,False,-0.9524963378906222,0.44625466663933006,-7.5157222042974565,-384346.0656739267,-0.8399982452392578,65.13643420715529,-13.56574261889147,0.4625008813451157,-0.1967513218345181,32.29252123725955,24.04024557376302,-0.22490509381445634,0.0,-9.09737723614497,-3.3001244270723635,51.37476262336764,0.8685770687608318,22.77989744382192,0.569382761668132,-0.018727716973123004,-4.640182708754648,5.046533013396865,50.360736524708976,-256547.6190476194,88726.69649617364,-0.2205057716734269,-52.181467759813856
2020-08-13,64.66999816894531,64.91000366210938,63.77000045776367,64.68000030517578,1539300,0,0,-691978.3365395009,14.090548030247534,-32.0,-0.7858235751881324,0.43196556591477914,-35.97020859224153,-0.031193851561693624,False,False,False,False,False,False,False,False,False,False,False,True,False,False,False,False,1.224996566772461,0.38599358956437246,-7.550728870703007,-410803.08883675444,-1.1999988555908203,65.12006047459377,-15.070535690488569,0.38123592938528017,-0.11317620812266616,33.20862977159881,23.967126135199006,-0.26844685004621216,0.0,-9.894128146083903,0.7006024049874358,50.08642339944175,2.050059972011999,34.677533530390974,0.525068258634536,-0.027541618722797902,-3.9925879634390973,5.149572236759062,53.98533722714718,-749047.6190476194,85233.05555821361,-0.21681259611902937,-53.06932099133799
2020-08-14,64.19000244140625,64.94000244140625,63.75,64.63999938964844,2059500,0,0,329109.8693383265,13.765407085679882,-32.0,-0.8325585757984868,0.43769470591612436,-32.13650401205325,0.013530883650205808,False,False,False,False,False,False,False,False,False,False,False,False,False,False,False,False,1.7764976501464815,0.37947877778005584,-4.878316301623142,-363885.7740784416,-1.489999771118164,65.11461604719186,-16.59549950897663,0.399692056247316,-0.055835938832535154,34.46070751734446,23.93181708554322,-0.2898601854476597,0.0,-10.731225930887733,-2.562552068262959,49.940614527509084,4.509856891453259,48.652655815910805,0.6388082556041598,-0.03332926382369744,-3.505514200873646,5.218931973897087,52.28552117318308,-880116.6666666665,-10029.182926009547,-0.16007125121274746,-48.791243801115904
2020-08-17,64.54000091552734,64.98999786376953,63.97999954223633,64.12000274658203,1497100,0,0,-752942.3176954581,13.414192059513681,-32.0,-0.7585583967320986,0.3622878147376209,-33.919839510996866,0.016951998323681314,False,False,False,False,False,False,False,False,False,False,False,False,False,False,False,False,0.25349998474121094,0.29478870973052934,-0.4263394747891022,-423114.51697219524,-1.3600006103515625,65.09200399677134,-15.15988216461296,0.25931874557791,-0.04844997801400677,39.95879200931199,23.868324533589238,-0.30849940232128226,0.0,-11.894322074338293,-4.0263357436176195,47.98499365794802,8.638178733656591,45.97323061343328,0.48360181213687914,-0.0383395925705024,-3.6234536874189835,5.145623930692118,50.736127347048225,-882373.8095238095,-13317.108902580769,-0.06128038934332558,-60.219743367246416
2020-08-18,64.33000183105469,64.4000015258789,62.91999816894531,63.13999938964844,1847000,0,0,-2050832.4082685378,13.906936685145082,-31.999999999999996,-0.7735882142010837,0.23572275277829066,-77.00281102917359,-0.032619131095723425,False,False,False,False,False,False,False,False,False,False,False,False,False,False,False,False,-1.7600013732910185,0.1351789274480092,-7.157517285653668,-621250.4717270741,-1.3500003814697266,65.07092200563301,-12.460788150220885,0.009190002381710697,-0.10200772075965103,32.67917998212623,23.80635384285678,-0.3480547485586386,0.0,-12.989459261687083,-3.2337174105004785,44.45206830861993,9.248447997689256,36.41024351186963,0.2032137333229705,-0.045488198010833314,-4.712050051832186,5.32237848738237,45.82731477821364,-701278.5714285714,-40272.777970844196,-0.16117210088871414,-81.75828229602894
2020-08-19,63.40999984741211,64.1500015258789,63.02000045776367,63.470001220703125,2831900,0,0,-2627235.141007049,14.364485266088526,-32.00000000000001,-0.9031759823069763,0.3076217020780643,-68.82527407431483,-0.07088681070997546,False,False,False,False,False,False,False,False,False,True,False,False,True,False,False,False,-2.0525005340576143,0.1889251927386502,-6.864841233614101,-398995.8064283823,-1.3500003814697266,65.05125557316983,-11.798508286360708,0.14058899349540488,-0.1071222439327979,33.03378297934843,23.73887479277717,-0.3897206131455176,0.0,-13.326274231875331,0.5863752068611836,45.89659991176916,6.334251103338514,28.27060714093231,0.42233052871728793,-0.05268705839907004,-5.236254826887503,5.359537156502776,46.668233107141795,-464147.61904761917,-13428.399782336932,-0.17171267017227188,-73.21015291392789
2020-08-20,63.40999984741211,63.40999984741211,62.040000915527344,62.400001525878906,2346200,0,0,-3740392.673090906,15.46573052683206,-80.0,-1.1085293152753053,0.16249061898538705,-122.79876005922327,-0.10323438277951169,False,False,False,False,False,False,False,False,False,False,False,False,False,False,False,False,-0.44550056457519815,0.060000101725260414,-10.297072228750674,-700629.7317952679,-1.5550003051757812,64.97341327403944,-13.008646447591502,-0.10506867053091846,-0.1707060572831594,33.30713997218571,23.72487486980363,-0.4563778606111556,0.0,-13.449610443311052,-0.3831383558557187,42.075886866657655,3.167125551669257,18.10331253473681,0.019438281647009087,-0.06273367877525902,-6.772930827221583,5.3800497326219885,48.52131766405295,-168150.0,-24752.11480560278,-0.2541683170087,-90.72162718583292
2020-08-21,62.529998779296875,62.93000030517578,61.90999984741211,62.470001220703125,2548600,0,0,-3490524.32122638,16.57203833347877,-80.0,-1.363529541913195,0.19127921511170615,-128.98312622716728,-0.10479546602728398,False,False,False,False,False,False,False,False,False,False,False,False,False,False,False,False,-0.45349884033203125,0.10275253117377169,-5.209871079892993,-575053.881220372,-1.5550003051757812,64.85077330318754,-13.433023861947259,-0.013287368542892716,-0.19446294897937033,35.405818029547405,23.769235037671045,-0.532571959743361,0.0,-13.27310593126425,-2.3601099286291483,42.41362556139734,1.5835627758346285,17.46493575174263,0.055052655204938315,-0.07393567046916232,-7.955476606283107,5.168870056427608,43.985093032204716,209688.09523809515,-36694.07427761324,-0.19152098520772887,-83.67341264501147
2020-08-24,62.79999923706055,62.79999923706055,60.099998474121094,60.279998779296875,3230100,0,0,-6289943.712739952,18.58660401354907,-88.0,-1.8349412020515032,-0.1173996624107875,-209.00781857141166,-0.21033779545020176,False,False,False,False,False,False,False,False,False,False,False,False,False,False,False,False,0.45599861145019815,0.02662725566476722,-7.278512359819724,-1503464.3104726514,-1.5550003051757812,64.51038303866461,-13.819139870851789,-0.5412608041161242,-0.335796558399948,35.91238295514911,23.92617917716127,-0.6648389954701952,0.0,-12.458759520262513,-5.3986226859778625,35.44952567195408,0.7917813879173142,9.68002729911998,0.0,-0.09190080455853977,-11.183118551922758,5.14870860786929,35.0472830743055,369407.1428571427,-110378.18793532088,-0.14774881904542758,-96.56487827179583
2020-08-25,60.689998626708984,60.810001373291016,59.75,60.790000915527344,3245600,0,0,-3166821.8290016972,20.61512950251394,-88.0,-2.3566763036391336,0.045822395063043135,-213.7352676781517,-0.06689076162528397,False,False,False,False,False,False,False,False,False,True,True,True,False,False,False,False,-0.6520000457763686,0.14627297134309525,-11.452052044427452,-1052217.5613551857,-1.7299995422363281,64.33509589139129,-12.328566488713838,-0.3767627447989037,-0.3703427025790398,27.543845394889345,24.031568739953386,-0.8114659648806394,0.0,-11.258933209880658,-5.429368279474175,38.002496629197985,0.3958906939586571,12.788796270730737,0.1603097627390279,-0.11194266748572176,-13.133226443113294,5.231813512999214,36.15458226681737,622857.1428571427,-85777.61036364987,-0.2982789739123649,-81.39532027100064
2020-08-26,60.650001525878906,60.650001525878906,58.369998931884766,59.380001068115234,4459900,0,0,-3675403.054856615,23.048765377049993,-96.0,-3.0418235442217636,-0.07488133585164167,-229.94604344014337,-0.10877074586914438,False,False,False,False,False,False,False,False,False,False,False,False,False,False,False,False,-0.42399921417236186,0.118963714552865,-15.376895173313224,-1800251.9553720546,-1.7299995422363281,62.993437565346014,-15.795874527985795,-0.704709448851683,-0.4578315215886466,20.684157278290584,24.20564683464027,-0.9939505429830953,0.0,-9.18131579499576,-5.746030050610739,33.99895986457096,0.19794534697932856,12.176837272528664,0.0,-0.13659112008180166,-16.08858785557867,5.503010224146728,38.12899172796,1068242.8571428573,-75986.03185487825,-0.37244179900283614,-85.50928963961769
2020-08-27,59.84000015258789,61.150001525878906,58.970001220703125,60.4900016784668,3745100,0,0,-2197977.442492798,24.715970466934902,-92.0,-3.49276455149932,0.11220966495464671,-154.25295179018522,-0.12408625374221674,False,False,False,False,False,False,False,False,False,True,False,False,False,False,False,False,2.062002563476561,0.25634856459915006,-16.280963903577995,-949206.920914956,-1.7299995422363281,62.648716445641554,-17.858709023087584,-0.29186973045534514,-0.4120534423696498,24.503161242921408,24.391298949740648,-1.1592206591964733,0.0,-7.0734527204218205,-3.800889550016789,39.41046582019743,0.09897267348966428,21.17050322718462,0.311439191083522,-0.1597026318494089,-16.968294375845673,5.650628711130866,43.95040670141709,1096145.2380952379,-33437.80251024019,-0.3595601647143807,-69.58388040782796
2020-08-28,60.619998931884766,61.70000076293945,60.130001068115234,60.47999954223633,2147700,0,0,-3388108.182641401,25.639426911496802,-88.0,-3.707440926046935,0.14780323060417952,-107.12428691519675,-0.1342909860945713,False,False,False,False,False,False,False,False,False,False,False,False,True,False,False,False,1.930499839782712,0.2794703077576803,-9.855219324044105,-816674.7304959877,-1.8199996948242188,62.351823830171085,-18.98911593584489,-0.23743516996513883,-0.35568282131839846,30.99326466130482,24.564795425111253,-1.302909610886112,0.0,-5.893500919494014,-7.025370169291624,39.37913384662052,0.04948633674483214,25.05981560647785,0.3096359953398866,-0.18055574118344825,-17.682228827971553,5.653112472015123,42.60247876498083,809185.7142857141,69652.67453371904,-0.2384102301886767,-69.72738313312094
2020-08-31,60.380001068115234,62.029998779296875,60.130001068115234,61.31999969482422,3651700,0,0,-2465573.2142733103,26.13151353885058,-76.0,-3.6892348233391203,0.29541581671139494,-76.44409783747902,-0.05254046120965149,False,False,False,False,False,False,False,False,True,False,False,False,False,False,False,False,1.9794988632202148,0.42324273469564233,-9.08636784618943,-261802.83225296094,-1.6049995422363281,62.28077565505961,-18.35934154184134,0.049664799807166905,-0.24057220795278522,39.87626021166295,24.727364917519456,-1.4010567056479513,2.0,-4.538510034857799,-5.1948061139429065,43.445571206410804,0.02474316837241607,34.337669976205156,0.5436647430322262,-0.19614156065719182,-17.109875569061902,5.534396795106191,46.55126117423754,476271.42857142864,50362.93889382547,-0.21901018739465938,-57.67572653043577
2020-09-01,61.119998931884766,61.790000915527344,60.720001220703125,61.369998931884766,3073800,0,0,-1804861.934887655,26.588451121393373,-76.0,-3.3709994933184433,0.31544225417970245,-62.685820333047594,-0.0040110157870283806,False,False,False,False,False,False,False,False,False,False,False,False,False,False,False,False,1.5230022430419936,0.4304162290526795,-12.708489632947444,-202447.04837729383,-1.7250003814697266,62.24252323298466,-16.022930396010842,0.08705122348557814,-0.14454649406926967,40.19156407537909,24.67153313488865,-1.4610692343963445,0.0,-3.4449086158743096,-5.0587878846535625,43.68770970010111,0.012371584186208035,39.30470606401193,0.6022546571452394,-0.2070150358510743,-16.574163893118172,5.617094342261862,45.694468185232346,227483.3333333335,53224.38699921315,-0.29617498492092154,-54.682772144407636
2020-09-02,61.459999084472656,62.13999938964844,60.66999816894531,61.97999954223633,2542700,0,0,184326.12745534582,26.59890276736701,-76.0,-2.8509703131283004,0.42098771139152835,-43.38842863010113,-0.007077795798757513,False,False,False,False,False,False,False,False,False,False,False,False,False,False,False,False,0.6429988861084013,0.5179342831951304,-11.612998633593069,48052.32309673642,-1.9650001525878906,62.23415683327264,-14.36206088767365,0.3203489641819339,-0.02944922196509947,45.7207771089906,24.57742179810681,-1.4749617554890175,0.0,-2.847008790745767,-3.3374970565792403,46.68676077412134,50.006185792093106,47.3910804659555,0.7958898356421902,-0.2120155493476575,-15.274978995121916,5.630496430024438,54.562689390482205,287478.57142857136,27780.04808000789,-0.27138253356112163,-45.46825992729025
2020-09-03,62.04999923706055,62.779998779296875,59.72999954223633,60.22999954223633,2720900,0,0,-1644475.2887357343,27.196048493068634,-72.0,-2.4563824373133087,0.18890513010829127,-67.45266171522763,-0.046453369571395536,True,False,False,False,False,False,False,False,False,False,False,False,False,False,False,False,1.147500801086423,0.2668581495810673,-12.83464860484415,-639037.2944885116,-2.030000686645508,62.13948479100224,-12.778135458895328,-0.17049100327027591,-0.058974460665687234,45.104191990097505,24.587025643592657,-1.5011245333449241,0.0,-2.4921297583010666,-4.608805631203716,40.09028101995106,49.93957159224652,42.64855280619438,0.43552884580220147,-0.21779209765040844,-16.022054988638505,5.794645163339324,45.3082072692176,-70030.95238095243,-51550.65316600422,-0.2630907907480703,-71.90330950971912
2020-09-04,60.5,60.650001525878906,58.560001373291016,59.66999816894531,2495200,0,0,-1489279.305666418,28.35814791907738,-40.0,-2.5474999932681825,0.14654725091829282,-112.02353008313032,-0.04876627232529155,False,False,False,False,False,False,False,False,False,False,False,False,False,False,False,False,0.3080011367797866,0.18651358979565366,-23.381071031014386,-747362.741938116,-1.9300003051757812,61.98387620028113,-12.254306124306211,-0.2575946684786931,-0.10152117850628817,44.158697678763765,24.602076425231743,-1.544943507841347,1.0,-2.4288877902286603,-5.987085203518633,38.22885611162205,37.37450384042322,34.72909364717288,0.3333829303600717,-0.2251637276375068,-17.196706774350947,5.914416923803493,47.41011001244719,-334190.4761904762,-100024.03799558978,-0.39723205524710903,-78.44114962147212
2020-09-08,59.34000015258789,59.470001220703125,56.970001220703125,57.15999984741211,2935300,0,0,-3978416.9304833123,30.086002175533796,-72.0,-2.905970259273758,-0.07823464926603488,-163.93616915310002,-0.05075444961638479,False,False,False,False,False,False,False,False,False,False,False,False,False,False,False,False,0.6700008392333956,0.022699968643808247,-27.08488859062619,-1693110.6464035867,-1.5699996948242188,61.6445240038788,-12.42171888695978,-0.900543046993378,-0.2742120003365067,43.24908107357424,24.578350756328764,-1.6600760959167846,0.0,-2.303809468104145,-8.397438381942397,31.229731926741593,24.82608963856157,17.43392039467892,0.0,-0.24059129300979848,-20.632513844985624,6.315440339492319,39.679849857119464,-281059.5238095238,-146672.06180195918,-0.4218688199761741,-97.35377968477214
2020-09-09,57.70000076293945,57.90999984741211,56.599998474121094,57.349998474121094,2718100,0,0,-3584191.9489015834,31.82162042243033,-72.0,-3.4406765657312732,0.02767720806231765,-165.35040726064295,-0.002179068622021213,False,False,False,False,False,False,False,False,False,False,False,False,False,False,False,False,-1.2435014724731417,0.0858123779536632,-30.19318080569974,-1377461.2301662616,-1.279998779296875,61.27419761474461,-13.148136894787257,-0.7698962522343573,-0.34648940483094925,36.548261535300426,24.564865226066523,-1.80613428968703,0.0,-2.2621335636785824,-8.19593828483105,32.241033960384556,15.418942374655739,11.739428110628012,0.06542667699131566,-0.25980651633170593,-23.03477649820961,6.644646670989953,41.67434366987474,-273864.2857142859,-114437.49647653331,-0.48748567836095813,-88.98678636187185
2020-09-10,57.43000030517578,57.84000015258789,56.720001220703125,57.099998474121094,3521900,0,0,-4716246.229030057,33.43326593740568,-80.0,-3.963029154609231,0.053365851836990885,-153.6981066297144,-0.05631311486945851,False,False,False,False,False,False,False,False,False,False,False,False,False,False,False,False,-0.33599910736084126,0.05959475999687186,-26.549434917150375,-1306463.1972853672,-1.279998779296875,61.03627648820089,-13.301281785535828,-0.760110415035586,-0.37933068869248965,35.77574490823798,24.543292855630373,-1.967265729888791,0.0,-1.8269584185894296,-5.275382165846941,31.582911731374807,9.148898661215322,7.1861086077641625,0.02284913925699794,-0.28109735220656007,-25.178864956566038,6.9457915886702155,39.71304098225454,-15609.523809523787,-6317.752790086475,-0.4243959257367932,-92.10110813006366
2020-09-11,57.310001373291016,57.400001525878906,55.66999816894531,56.439998626708984,2431100,0,0,-4983248.563708454,35.29793684847375,-84.0,-4.586440737107218,0.03912288675065184,-160.18899887374107,-0.0765622866108994,False,False,False,False,False,False,False,False,False,False,False,False,False,False,False,False,-1.3339988708496122,0.08261807757260818,-29.46433057638214,-1349043.5446793975,-1.279998779296875,60.32732104011533,-15.592437836528681,-0.8167318865269458,-0.4110332428354684,36.07961741845482,24.576407704660102,-2.143393164560145,0.0,-1.7621076264072524,-7.15578585837339,29.850550509718673,5.230641763751362,9.90384976689189,0.0,-0.3044603910451804,-27.505730002399297,7.268228923683044,39.374216246923496,-175283.3333333335,-43452.933983672396,-0.44634050936112446,-89.20055620738896
2020-09-14,56.70000076293945,58.77000045776367,56.70000076293945,58.220001220703125,3238200,0,0,-3465829.039089832,35.46809891077262,-84.0,-4.699999741946947,0.25235850208813065,-96.66077630293881,-0.0663125092118758,False,False,False,False,False,False,False,False,False,False,False,False,False,False,False,False,0.09700164794922017,0.2736054866154056,-18.19357868884209,-332893.83831493696,-1.279998779296875,60.23222005215196,-15.65814256642902,-0.16495603649136628,-0.2837080795537157,43.56325092034881,24.669783021195475,-2.267533360429596,0.0,-1.4861128614834265,-1.9535194114959094,39.49043445131595,2.879895794647507,18.1877848029172,0.5725685169173248,-0.3222167212850068,-26.586892255020395,7.184367120502648,42.2187336644058,-2495.2380952378735,74025.95764256231,-0.2857690538598495,-64.13498125379591
2020-09-15,58.59000015258789,58.959999084472656,57.75,58.18000030517578,2670100,0,0,-4238169.231527268,35.42890303584014,-84.0,-4.469617697771859,0.26831573958603694,-72.69729902903369,-0.059677418984091075,False,False,False,False,False,False,False,False,False,False,False,False,False,False,False,False,0.38399963378905966,0.2875144525845984,-13.457294486721551,-300595.6392055975,-1.279998779296875,60.0600974419938,-15.080136815579834,-0.08432895126910636,-0.17888376333914113,50.4637382105507,24.700251824627102,-2.348648293845682,0.0,-1.4006693202503633,-3.8188151912604904,39.3595369074208,1.5087140499096412,27.322293517446667,0.5647937539606093,-0.3350000911715073,-25.893733223801302,7.157983399417552,44.13084998810537,-245321.42857142864,100291.70029133007,-0.147227612396438,-64.69758198647526
2020-09-16,58.560001373291016,60.16999816894531,58.41999816894531,59.900001525878906,4450800,0,0,-1160741.8703386523,34.22737619101586,-84.0,-3.8750002131742605,0.49563219639994316,-20.099845912492224,0.014590476140931207,False,False,False,False,False,False,False,False,False,False,False,False,False,False,False,False,1.3859996795654297,0.4988209531161296,-8.005596401168756,835972.5139816976,-1.279998779296875,60.056378274462574,-11.894308183869683,0.47532333635706636,0.019069330907071746,61.01671240614215,24.73364691636466,-2.346829563793713,0.0,-0.4867494870342227,-0.9589914364208603,47.42875341688924,50.75435702495482,43.55371658429215,1.0,-0.3379215715555904,-22.695691816326153,6.827471649896198,48.34429052866453,428561.90476190485,129746.44778124141,-0.016718668866297692,-40.5062870068525
2020-09-17,59.40999984741211,60.529998779296875,59.099998474121094,60.41999816894531,3599100,0,0,1884647.4831903423,32.795728988013956,-80.0,-3.1987358878640535,0.589935488109701,9.477379674786274,0.07304078417598558,False,False,False,False,False,False,False,False,False,False,False,False,False,False,False,False,1.5884990692138672,0.6136949573557352,-8.816631704630884,983907.8574214985,-2.3449974060058594,60.06552936288253,-7.294242339194881,0.6752192575690215,0.18839175913915884,60.869282324955336,24.729085273474777,-2.2737589663489017,2.0,0.4338657432538614,-1.4677128675114326,49.61175745272925,75.37717851247741,53.8678129714719,1.0,-0.3317882923474319,-19.39233530844137,6.599762731580091,57.6575546723859,559290.4761904762,162825.05088885667,-0.019623770287064746,-33.19269209225665
2020-09-18,60.529998779296875,61.34000015258789,60.11000061035156,61.130001068115234,4873000,0,0,5093702.898666855,30.790415241621282,-76.0,-2.2189711402444274,0.7074944695329876,54.908797767732544,0.1373910840116669,False,False,False,False,False,False,False,False,False,False,False,False,False,False,False,False,2.2619997024536147,0.7520662937442136,-11.640363229260648,1337613.0388834316,-1.8249988555908203,60.08219778433167,-1.0612252436593934,0.9055845921978735,0.3425892515502491,63.30488601462206,24.74132313186565,-2.135656121377975,0.0,1.9096400354222982,-0.39106708154893,52.51137125391338,87.68858925623871,67.69810134324551,1.0,-0.3169185259943511,-15.72594715333162,6.337648767455491,60.59898821232503,1098926.1904761903,88507.29923807613,-0.01542838451037587,-23.206716871154452
2020-09-21,58.0,58.029998779296875,55.119998931884766,55.9900016784668,7660200,0,0,2013843.3720826083,31.342727042126196,-96.0,-2.222589156206915,0.017093251128112857,-139.90614148733806,0.07930165743380316,False,False,False,True,False,False,False,False,False,False,False,False,False,False,False,False,0.8359996795654325,0.11328160312646218,-23.51447551815152,-4478249.29875491,-1.8249988555908203,59.868694080700116,-1.489141871687906,-0.435889836250965,0.1051091302526388,50.95069738783344,24.92011257229059,-2.0971500365496207,1.0,4.735078798020972,-9.664404498240826,36.24872252252284,92.56233726280644,51.652776489622646,0.28234511384338373,-0.3123442078847068,-18.022406505825366,6.669988257792147,47.68928946989141,1882404.7619047617,-586830.0590916114,-0.168754286390836,-88.64226156772109
2020-09-22,56.0099983215332,56.400001525878906,53.939998626708984,54.34000015258789,6983500,0,0,-2698593.7304566433,32.219442559190796,-92.0,-2.628559594995835,-0.07651897510657378,-169.99958843165703,0.049086366121588856,False,False,False,False,False,False,False,False,False,False,False,False,False,False,False,False,0.5729982376098661,0.045249040607969526,-27.4847781250322,-5484611.635500686,-1.8249988555908203,59.65053405477868,-2.399649298700055,-0.8107535760552489,-0.14293388546036345,41.58254101238852,25.172889744464378,-2.1641805085082146,0.0,7.769158764342327,-9.779178871681829,32.74311073340418,70.6359350574595,30.89197520730718,0.12764587198045457,-0.31958776238463865,-21.191651444605792,7.312404078848279,43.862501077450204,2731273.8095238097,-849894.0605785056,-0.2658478932442013,-95.47509593920304
2020-09-23,54.220001220703125,55.369998931884766,53.599998474121094,54.939998626708984,5687100,0,0,225281.29427422676,33.134488789925136,-92.0,-3.3283535789040926,0.06311890285338521,-151.60168676154174,0.04486588422620515,False,False,False,False,False,False,False,False,False,False,False,False,False,False,False,False,-1.6444999694824247,0.14596951067990535,-29.627000191331614,-4213631.212975721,-1.5300006866455078,59.50536954845026,-2.924691652286384,-0.545597655000079,-0.24067917517308324,34.74004261551491,25.356454356116792,-2.27390657445409,0.0,10.232363216978465,-7.926930932432996,35.19733619226224,47.49109585047064,10.159864520355507,0.23594845671745224,-0.33207137438864015,-22.72923700837641,7.719172209299294,43.17179027536235,2778040.4761904757,-143006.30698584786,-0.31810697272159616,-85.40304893200947
2020-09-24,54.810001373291016,55.470001220703125,53.84000015258789,54.29999923706055,3980600,0,0,-1508605.6311520012,33.902571005695265,-92.0,-4.097117906458237,0.05967164204821886,-133.1353985968487,0.028842139066244894,False,True,False,False,False,False,False,False,False,False,False,False,False,False,False,False,-1.2005012512207003,0.0762528038855059,-27.928743738978067,-3975624.1211841283,-1.4050006866455078,59.317895150586104,-3.904281609547411,-0.6721993898578348,-0.31768200265651525,34.19564402238973,25.512300275473088,-2.4181718447592657,0.0,11.601248321281464,-5.003500031466581,33.78131945698212,29.827857194818513,9.388596891077341,0.17346101412811524,-0.34904492148254485,-24.414752212743473,8.1162409838819,43.00501400028982,1461528.5714285714,16424.214750835585,-0.3116163885462324,-90.95606445555558
2020-09-25,54.29999923706055,55.560001373291016,54.0,55.40999984741211,3883200,0,0,1627818.1989474008,34.537916764779176,-92.0,-5.010529641544117,0.2069648849247249,-105.8366108900964,0.05083154595996776,False,False,False,False,False,False,False,False,True,False,False,False,False,False,False,False,-1.1965011596679673,0.19716789903269585,-17.698257401714148,-2791912.9081410835,-1.0349998474121094,59.2713769962827,-2.213418296078956,-0.3099356753917159,-0.26524226797965644,39.923306766955655,25.614458872807965,-2.5410141847124397,0.0,12.152259432190514,-3.382735271709553,38.40940453302605,17.9508283409136,15.675304067974162,0.3776939114396375,-0.3642143773074965,-24.253966305706196,8.340681110558858,43.37383256602955,328952.38095238106,33010.124451561314,-0.19276673038334613,-76.6149744085126
2020-09-28,56.209999084472656,56.84000015258789,55.25,55.52000045776367,4530000,0,0,-1363688.7742705476,34.06727590559752,-60.0,-4.89388240365421,0.24510065899742967,-70.90412457209466,0.026072255779344335,False,False,False,False,False,False,False,False,False,False,False,False,False,False,False,False,-1.6085010528564467,0.209150535927549,-6.101018113631333,-2321882.0977077037,-0.7950000762939453,59.125281714246654,-2.314110853177098,-0.21045995132511713,-0.1976325436401436,46.34299045323256,25.718595280349216,-2.6355267511060734,0.0,12.364057893425002,-2.767071906444113,38.86540408669334,10.489609150921718,19.078394311798082,0.39781672864978235,-0.37654701830797854,-23.98598304513332,8.277854582682782,40.049420313367875,-170654.76190476166,88373.38773846126,-0.006941854390955959,-75.19377820053771
2020-09-29,55.7400016784668,56.18000030517578,55.2400016784668,55.86000061035156,2522600,0,0,-558604.5391387576,33.63475000881828,-60.0,-4.554411607630115,0.3008094307124385,-68.26404130952419,0.02492202656042363,False,False,False,False,False,False,False,False,False,True,False,False,False,False,False,False,0.44450149536132955,0.24618758835511756,-3.6706153533285013,-1867658.31447543,-0.7299995422363281,59.02422972358721,-1.2314631599592758,-0.055173077594514446,-0.10893029913270613,46.54754981330026,25.57892760180479,-2.69206054610394,0.0,11.589629781762504,-1.0276364820514907,40.33579421711247,5.244804575460859,25.796745022371542,0.46270361633216345,-0.38469126067600296,-23.329666170029455,8.308635911251365,39.1015481968245,-642690.4761904762,24441.21713570789,0.03962988969876624,-70.8010123238352
2020-09-30,56.2599983215332,58.88999938964844,56.209999084472656,58.33000183105469,3669200,0,0,1577205.305625856,31.374653200456947,-60.0,-3.7390585843254485,0.5780127613786282,6.874186525117333,0.04385870102646406,False,False,False,False,False,False,False,False,False,False,False,False,False,False,False,False,0.5565004348754883,0.5152508932125817,5.872186957981197,-306145.91540695354,-0.7199993133544922,59.01145519144423,0.342284681331563,0.6937447931135049,0.12452237643768971,52.60501050506966,25.62141037530141,-2.6464896052376905,0.0,10.631631364513876,0.18893955349565694,49.784751553700595,18.003452451264064,38.372116901881675,0.8796769220765626,-0.3809944133994811,-19.640910210290087,8.077988817628771,52.09729059161375,-724545.2380952383,177691.82147774467,0.1604981668741592,-38.888858769982185
2020-10-01,58.36000061035156,58.939998626708984,57.689998626708984,58.81999969482422,3852200,0,0,4689789.488975465,29.246689371587056,-60.0,-2.8298530129825394,0.6647692944106618,40.82216732068491,0.057451303538918475,False,False,False,False,False,False,False,False,False,False,False,False,False,False,False,False,2.4345016479492188,0.5686275650513903,11.432095267115935,7242.0397673238185,-1.9200000762939453,59.00785264379171,2.599519388434331,0.8728866969921688,0.30982084262601095,57.70830728261473,25.520844338892513,-2.519621649801223,2.0,9.655251420494952,1.100033321229636,51.42812620658741,50.35831231859903,52.583996839157685,0.9452028140664108,-0.36711462978621034,-16.15108275868751,7.782488577437861,59.52642441201505,-1051985.7142857146,194603.80289088722,0.2694337865661758,-32.55813838870968
2020-10-02,58.08000183105469,60.90999984741211,57.599998474121094,59.97999954223633,3965700,0,0,6427029.863553227,28.10237058211168,-60.0,-1.7851473752190046,0.809834690216998,88.13817773741212,0.10131541316665182,False,False,False,False,False,False,False,False,False,False,False,False,False,False,False,False,2.966998291015628,0.8242893649318997,11.556990421039952,663380.5190694493,-0.9349994659423828,59.02071483558109,6.5211668410507,1.2070787499210054,0.4972753484655308,58.28458578885887,25.53043719582888,-2.310621570472427,0.0,8.74128973049535,0.13355261155187104,55.1686404012753,75.17915615929951,70.32731311149941,1.0,-0.3424259511676044,-12.009365916942258,7.628315654798979,60.230631166821205,-622916.6666666665,110568.47368193697,0.24277464519817749,-17.57106350681002
2020-10-05,60.4900016784668,62.70000076293945,60.279998779296875,62.2599983215332,3565800,0,0,8696169.186271623,27.813594910742392,28.0,-0.6080592323752043,1.0203484539623686,166.96825211087923,0.1261548011887637,False,False,False,False,False,False,False,False,False,False,False,False,False,False,False,False,3.5475011825561538,0.9516480955233491,20.384601942188606,1730043.2516619274,-0.03999900817871094,59.5718640389185,16.36728691559857,1.7903888934642742,0.7465968674425556,59.027813598663094,25.58856728321823,-1.9935637049000847,0.0,7.735397933405258,3.0453495669478756,61.45222081799193,87.58957807964975,81.67853588560511,1.0,-0.30331967420890465,-6.184441112960622,7.450251803455422,65.66805311150735,-721361.9047619053,213753.79694045635,0.3353817793215318,-4.8351904476650915
2020-10-06,62.33000183105469,63.66999816894531,61.7400016784668,62.25,4179300,0,0,6725615.1562244035,27.913809947478345,28.0,0.819028787051927,0.9479466457468197,166.46508052728288,0.1305661152026333,False,False,False,False,False,False,False,False,False,False,False,False,True,False,False,False,-1.8469982147216797,0.8589872679266154,21.752386927714337,1476924.7892554072,0.12000083923339844,60.47799331056568,26.81948746524214,1.743342347436749,0.8737816752757797,58.98955090906833,25.601247838153306,-1.6221132174613053,0.0,6.95230974771887,1.8321591891300413,61.4115715577116,93.79478903982488,87.83082427939551,0.9985840989093512,-0.25550219780768113,-1.6568693471357194,7.396068447674324,59.98585409523878,-592935.7142857146,134874.357316002,0.3538563851978396,-14.101273207338462
2020-10-07,62.7599983215332,65.13999938964844,62.58000183105469,64.62000274658203,3105200,0,0,8569334.596893884,28.51131734321411,36.0,2.072940837635713,1.0596841099447123,179.93367393875158,0.14755012268960424,False,False,False,False,False,False,False,False,False,False,False,False,False,False,False,False,-3.8604999542236342,0.9549396358914722,27.078111371536888,2317268.752031281,0.20000076293945312,61.9462124500189,36.531736654647005,2.242211008514453,1.0676409038206658,58.796838047285355,25.716526037930045,-1.1696607538441572,0.0,5.89944054438801,15.41346813610518,66.98621194603649,96.89739451991244,92.18583331138124,1.0,-0.19550960264696216,4.296896986746092,7.365414331140649,64.78963995312323,-844490.4761904762,117551.05628765277,0.37716611222550145,-4.50603641085278
2020-10-08,65.0,65.26000213623047,63.84000015258789,64.68000030517578,2137800,0,0,8960759.692194022,29.105721993255084,40.0,3.2662648481481185,0.9794813403285526,161.71186292810847,0.16888382523148304,False,False,False,False,False,False,False,False,False,False,False,False,False,False,False,False,-3.6395015716552734,0.9502571484656154,28.711168822132258,2004553.6132784865,0.8200016021728516,63.15701274451582,45.83831796602213,2.1468514424424647,1.1432754423864697,56.899937021296346,25.761996122563765,-0.6876570478041495,0.0,4.291261461646586,19.028340308341825,67.115726159916,98.44869725995622,92.13946840945677,1.0,-0.12924928448558964,8.99938953283715,7.356289033128455,64.22978492785221,-1125119.047619048,120207.0866609182,0.3614274216722875,-4.974285153438461
2020-10-09,64.98999786376953,65.2300033569336,63.560001373291016,64.19999694824219,2341300,0,0,8413974.494343955,29.448688390562456,39.99999999999999,4.236177186404959,0.8888433938851807,132.346931444796,0.1656127031253196,False,False,False,False,False,False,False,False,False,False,False,False,False,False,False,False,-4.66750087738037,0.909090492704312,39.18237179776036,1557641.4028688995,0.8200016021728516,63.5403710613861,50.62300741845609,1.9188929074937926,1.103776795292079,61.96259050808208,25.629584053028886,-0.22475344226288496,0.0,2.4625450625834313,16.854748003272558,64.92137971475674,99.22434862997811,93.80957590204666,0.9361600385094134,-0.06294050876667041,12.211441665002303,6.8907798897821,63.057563698690664,-1357864.285714286,-15390.383214813532,0.5530708645209935,-9.090950729568801
2020-10-12,64.69000244140625,65.83000183105469,64.47000122070312,65.30000305175781,2216300,0,0,8902868.954059647,29.989145820569224,48.0,4.859353929407462,0.9118625984926428,131.61777944817428,0.1548545565228486,False,False,False,False,False,False,False,False,False,False,False,False,False,False,False,False,-3.9115003585815415,0.9566640528355701,46.026788050423264,1683398.849205011,1.3050003051757812,64.19905122718856,58.33181935712671,2.144238245982996,1.092502264263568,71.97156467605012,25.458257136584862,0.23005326795771563,0.0,0.4979043459948389,20.257834197518,67.54051555369934,99.61217431498906,93.86705646684993,1.0,0.004259189512911981,15.760451809051693,6.052247991733408,63.312929019113696,-1313650.0,20598.939468875655,0.7278712390744325,-4.3335947164429935
2020-10-13,64.69999694824219,66.38999938964844,64.51000213623047,65.37000274658203,3024000,0,0,8645513.257369105,30.69403752627461,52.0,5.256295271480781,0.8696458452111653,119.1793792410033,0.1605905561463347,False,False,False,False,False,False,False,False,False,False,False,False,False,False,False,False,-4.160999870300294,0.9202504636392865,48.88179296496413,1473153.1674826434,2.0,64.63535135511357,63.96593652210181,2.039205837708958,1.0312864555692975,81.90528894439717,25.27624467114936,0.6560715398579666,0.0,-1.0724933341893508,17.975100029954426,67.7057597923002,99.80608715749453,92.81599692284594,1.0,0.06931214363084225,18.681674695437582,5.413479972171553,60.18763525426133,-828028.5714285714,41215.83966950631,0.7967214176385458,-8.12746378545047
2020-10-14,65.23999786376953,65.69999694824219,63.88999938964844,65.19000244140625,2480600,0,0,9728219.246241134,30.838477022877065,52.0,5.287853667315311,0.825258731306678,95.81921263019031,0.13914413866901867,False,True,False,False,False,False,False,False,False,False,False,True,False,False,False,False,-4.0854997634887695,0.9061769458682865,44.97076829274791,1198915.7496966883,2.0,64.81446288764276,63.82707385192273,1.917350465335549,0.9236725290090845,83.5720373986593,25.19350943567532,1.0347197009940117,0.0,-2.5868898987715276,17.417150403301857,66.7645372285057,99.90304357874726,92.61791187586607,0.9678723665293982,0.12928896493624933,20.849364237335177,4.516023472084693,59.45987635250076,-674452.3809523806,-3588.8443663659955,0.7318131242976879,-9.685205870508417
2020-10-15,64.12000274658203,66.12000274658203,64.01000213623047,65.86000061035156,2465000,0,0,11585726.27902221,31.145200816663113,60.0,5.243648012946636,0.8332941965077958,91.54787460083112,0.1257877560641352,False,False,False,False,False,False,False,False,True,False,False,False,False,False,False,False,-1.8874986648559542,0.958561474483286,46.26293245008547,1263577.140661475,3.3400001525878906,65.15461097632074,63.88533113219067,1.997358635277334,0.8447581412389091,83.25272321373949,25.219096574214827,1.3777632502279384,0.0,-4.002482775715116,17.901897405541515,68.51883215134868,99.95152178937363,92.47799236253542,1.0,0.18511162480670695,23.205402950827857,3.7603861053415324,64.9911515278598,-490252.3809523806,18503.852944592214,0.7278213530452194,-4.753353256434951
2020-10-16,66.0,66.8499984741211,65.19999694824219,66.20999908447266,2569500,0,0,12161920.932439944,31.72186268945531,64.0,5.419353058758908,0.8240294560118455,93.7818482727725,0.09447077061569968,False,False,False,False,False,False,False,False,False,False,False,False,False,False,False,False,-1.6515007019042969,0.951698159271816,47.494742653252864,1211540.5604604287,4.070001602172852,65.48567171643234,61.34947082670509,2.0039831278828406,0.7656218833596966,82.7199037411033,25.22006211475147,1.685406266048604,0.0,-5.228383311957815,13.509338258279783,69.4266954856635,99.97576089468683,93.34965179177247,1.0,0.2363964654749617,25.44969600220911,2.850397308104445,63.56461667216174,-501716.6666666665,38989.37900490462,0.7046740980315002,-5.512485497739274
2020-10-19,66.30000305175781,66.75,65.44000244140625,65.7300033569336,1510400,0,0,11320251.007452756,32.25733442847663,64.0,5.460852959576776,0.7684617941385761,83.38002933553427,0.13552501096370803,True,False,False,False,False,False,False,False,False,False,False,False,False,False,False,False,-0.9785009384155288,0.9154720666273585,48.82007354109497,934893.9736982248,4.490001678466797,65.53014575371918,58.20280824680256,1.8112667435740755,0.6357817169252404,84.03661030929851,25.144724294345842,1.938212031832255,0.0,-6.858930303734885,11.747711149201876,66.59048960000996,99.98788044734343,93.06929691453983,0.8556046236829825,0.28025104785584276,26.635969279910647,1.689275212726686,60.58306676436968,-752816.6666666665,2705.2526619158743,0.7238728576495278,-10.526270502206359
2020-10-20,65.91999816894531,66.51000213623047,65.25,65.55999755859375,1749100,0,0,10431811.024043633,32.56901125362121,64.0,5.410823608847217,0.7361464012871365,74.1772805456768,0.20699023336523403,False,False,False,False,False,False,False,False,False,False,False,False,False,False,False,False,0.7404979705810533,0.902641440337559,38.11419439631631,758858.1000447326,4.980001449584961,65.53493693382943,55.341857918981894,1.6571117534085134,0.49930151693172586,78.77197554745818,25.094908356127142,2.1343491708774707,0.0,-8.554639182981695,9.303097797505208,65.56879868443067,99.99394022367171,90.00509605217185,0.7856553628561047,0.31601305340154884,27.37749195491248,1.193279526949198,59.055500667742756,-854300.0,-15473.707358470987,0.6207153949163339,-13.94595584353885
2020-10-21,65.37000274658203,66.55000305175781,65.20999908447266,65.9800033569336,2135200,0,0,10750503.941822916,32.85842544839832,64.0,5.496206474304202,0.7382319009916147,71.74328787528782,0.17576311553443713,False,False,False,False,False,False,False,False,True,False,False,False,False,False,False,False,0.17849941253662394,0.933128729482805,36.34109027573856,778563.5686976614,4.980001449584961,65.56744855513136,49.21241920003533,1.6307462033805822,0.40232914271872655,78.02256183535904,25.020117820257468,2.289955398224016,0.0,-9.976632026554055,5.974952032907126,66.91919017284764,99.99697011183585,88.70747367867052,0.8241341264306484,0.3454642334845559,28.365671536208936,0.6423119369111301,57.85233670883666,-876423.8095238095,9155.099959924071,0.561826974562082,-9.405352618243244
2020-10-22,66.0199966430664,67.30999755859375,66.0199966430664,66.94000244140625,1703300,0,0,11476730.707967354,33.4878051867969,80.0,5.657087819716516,0.7772923018503578,82.98588688041986,0.2254175600525532,False,False,False,False,False,False,False,False,False,False,False,False,False,False,False,False,1.9165019989013672,0.9722017141206304,34.98352805778352,900935.4075383206,5.145000457763672,65.7292865913287,45.145168174137126,1.7403796202646054,0.3687470809058191,76.8405246653259,24.955882561924767,2.4301306946000953,0.0,-11.417161341788656,7.53414046812249,69.83164600473481,99.99848505591793,90.46186739546006,1.0,0.37176180769735206,30.034846486057475,0.39971810765947247,59.71553283930002,-650523.8095238095,38461.77567324339,0.593987792663336,-5.263089351837784
2020-10-23,67.30999755859375,68.63999938964844,67.05999755859375,67.41999816894531,2387500,0,0,10177205.97523729,34.61610120339337,84.0,5.779588059818039,0.7889638873849188,98.2668719312567,0.1523683439010853,False,False,False,False,False,False,False,False,False,False,False,False,True,False,False,False,1.3759996414184599,0.9089551172322146,29.750549954744105,935943.1778184908,5.145000457763672,66.0899034930159,41.79978768380933,1.6956063452993284,0.34518412395144016,76.22837825094292,24.947835210860898,2.5589905518880975,0.0,-12.346909695469694,4.333016563530528,71.1970807754566,99.99924252795896,89.21679168440158,1.0,0.39551650188937737,31.844087289775764,0.39971810765947247,54.216851532394664,-353559.523809524,41902.4135426779,0.5315503247594294,-17.681182976714307
2020-10-26,66.66999816894531,67.01000213623047,65.62999725341797,66.38999938964844,2783100,0,0,10459547.22357873,34.263721899818826,84.0,5.586352505403411,0.7027127909547007,66.2313744558787,0.21748641997695653,False,False,False,True,False,False,False,False,False,False,False,False,False,False,False,False,0.35249633789062784,0.8320895235584641,20.32384752719623,392724.20917854464,5.145000457763672,66.1020240257462,33.69976112263859,1.2607392472593162,0.2319850907137373,66.73608308852809,24.79868260125247,2.642511501242636,1.0,-12.626327684072521,2.6437833586958406,64.45547746714634,99.99962126397948,79.97566661400806,0.0,0.4123246522798988,31.599804872593708,0.5713742624885941,49.32202556673848,-37864.285714285914,-25398.73165289606,0.30811223643874375,-37.128727829423795
2020-10-27,62.689998626708984,64.95999908447266,61.02000045776367,64.13999938964844,4042100,0,0,12819148.786152858,32.59650641353111,84.0,4.839675757464242,0.4880626814194436,-22.83610849950078,0.2393903169375015,False,False,False,False,False,False,False,False,False,False,False,False,False,False,False,False,1.0385025024414034,0.6379726557105372,-9.662543106056008,-962625.6778469615,3.710000991821289,66.04500469208668,22.252055148818414,0.5113584625330487,-0.009848386931609499,55.92854864589701,24.85402888789464,2.632096386889983,0.0,-11.690385004960493,-0.09345414555411867,52.713232255445426,49.99981063198974,62.044987601904985,0.0,0.4156695874929106,27.625854230177605,1.420236742875435,50.41288941575493,674814.2857142859,-179507.76962002792,-0.011420422178216816,-59.055126388147
2020-10-28,62.7599983215332,63.310001373291016,61.029998779296875,61.15999984741211,3348500,0,0,9852497.980298977,31.048377747692513,84.0,3.953852047639728,0.1436606692621183,-88.88367249185352,0.1489382593948934,False,False,False,False,False,False,False,False,False,False,False,False,False,False,False,False,0.9670022964477596,0.32246386576689573,-16.924418938297674,-2250611.7906085877,3.710000991821289,65.56829428850395,7.341907282574638,-0.3312139622795478,-0.36619455066684825,48.123965138119196,24.937499216945085,2.4839852448082502,0.0,-10.448938099342097,-6.339973982948012,41.841138847369635,24.99990531599487,35.21780279043582,0.0,0.3995811007000756,19.87019909457365,2.859216388126467,44.652125878749224,908669.0476190476,-292563.5724324428,-0.11874159736496637,-98.1627374111218
2020-10-29,60.959999084472656,61.150001525878906,58.33000183105469,58.33000183105469,5175000,0,0,4677497.980298977,30.726731256538304,80.0,2.474588203430173,-0.14703519895841713,-187.87457082771567,-0.00021607758635417665,False,False,False,False,False,False,False,False,False,False,False,False,False,False,False,False,0.8115018844604549,0.06612348699236716,-25.59310036100689,-4021272.925471598,2.2450008392333984,64.14170956433522,-10.387951343014564,-1.0277628291230598,-0.765227414421549,45.019136573650925,25.090956622081386,2.180467339450721,0.0,-8.097182468019216,-10.769467063997395,34.552760696855415,12.499952657997435,14.26071206691042,0.0,0.3615787581834477,10.162855817108712,4.595669730320833,40.537037870513544,1503561.9047619049,-395032.00206670415,-0.27026152164526673,-100.0
2020-10-30,58.209999084472656,59.58000183105469,58.189998626708984,59.099998474121094,4364700,0,0,6027714.782766724,30.478946301428692,76.0,0.6477650361902576,-0.03941830258710224,-194.76658658591035,-0.006970832554225659,False,False,False,False,False,False,False,False,False,False,False,False,False,False,False,False,1.5255001068115206,0.08708131875352494,-30.84725905889467,-2966690.457833949,2.094999313354492,63.2916369713569,-23.559961888736467,-0.8930927042172173,-0.9386101556935131,37.30734539197349,25.169274358695837,1.808497265422423,0.0,-5.639973558723527,-9.34192934378081,37.73100057135612,6.249976328998717,3.5151314880769178,0.08673212840853525,0.31253869624632186,3.8567958633070476,5.656675820585618,41.1253699958678,1457638.0952380956,-181840.73240584077,-0.38400339096019565,-91.29186812464751
2020-11-02,60.02000045776367,62.540000915527344,59.84000015258789,62.380001068115234,6584300,0,0,11831654.266002547,28.60466265395922,72.0,-0.4616171780754499,0.2975526184992105,-98.23551265878521,0.05199619714920735,False,False,False,False,False,False,False,False,False,False,False,False,False,False,False,False,1.8694984436035185,0.4009571421531318,-25.42800059199729,542339.7618045607,1.4749984741210938,63.256081269080866,-31.125921846194274,-0.01012882124710002,-0.7991487636009789,42.058663027157074,25.30310532405046,1.4917128437099332,0.0,-2.2952305545301424,-5.283934876990205,49.07564558665886,3.1249881644993587,16.267948696888578,0.3963202171210219,0.26812752018317304,2.7009461797350918,5.9991378826570045,47.52884335044884,2281930.952380953,423040.4573751565,-0.249671821980452,-59.90428578468682
2020-11-03,63.349998474121094,65.44999694824219,62.88999938964844,64.63999938964844,4660400,0,0,13542900.96747836,27.455398880741026,68.0,-0.36899985145119985,0.5189601756859347,-2.467541616345705,0.11215721771035733,False,False,False,False,False,False,False,False,False,False,False,False,False,False,False,False,1.270002746582037,0.6172249083286334,-10.321799521810906,1969504.9640715292,1.4749984741210938,63.268998636662396,-33.384817624628695,0.5650393219380425,-0.5341863942051903,50.445400024479014,25.513309350399172,1.2799938807842304,0.0,0.5340440872905161,-2.371242586518038,55.14015168627745,1.5624940822496793,36.842112307843024,0.5618167002488401,0.23532530962466439,4.148249286613316,6.099073774834538,51.2619767342732,1954697.619047619,534267.4946177145,-0.03249231885962445,-38.27750916713666
2020-11-04,64.0,65.83999633789062,63.40999984741211,63.9900016784668,9042200,0,0,8817161.980745047,26.52989911826912,-16.0,-0.01947082070743278,0.45384663561574196,0.2912679989958167,0.003714422504862407,False,True,False,False,False,False,False,False,False,False,False,False,True,False,False,False,1.1314970016479435,0.5550241749577006,-11.099248674947123,848517.2114832207,0.9899997711181641,63.28175792754452,-34.791917391496185,0.39108649665192075,-0.3889438385063081,56.77293464229758,25.594414001095284,1.1257569609912959,2.0,4.44471117073314,-2.6471954809100904,53.178619850254705,0.7812470411248397,52.440207514648876,0.5082877541034264,0.20914551074439255,4.522864282707943,6.248797202161136,48.35003591931604,3044064.285714286,77918.84810395679,-0.02061259381721059,-44.49758250422993
2020-11-05,64.80999755859375,68.18000030517578,64.30999755859375,67.87999725341797,6192800,0,0,14049828.864267735,26.450866952299787,20.0,1.119175731434538,0.8302457409823338,84.06947530822072,0.07190459343971302,False,False,False,False,False,False,False,False,False,False,False,False,False,False,False,False,1.391502952575678,0.9272725281584869,-8.271316056748379,4168723.980779563,0.06500053405761719,63.32087648664956,-30.6473068820184,1.3280407202612008,-0.0357349504940323,59.746686951982454,25.822784479258946,1.110535119228634,0.0,7.685886513149146,3.5387428023479357,61.91126670376038,7.664875854353018,69.98405371482738,0.7465960876943993,0.20029990835312697,8.308199024062922,6.248797202161136,53.96711727169561,2654757.1428571427,285539.2409703651,0.019097112992999543,-7.272747184151303
2020-11-06,68.0,68.30000305175781,66.5,67.93000030517578,3666000,0,0,16208686.89843041,26.414807417707664,24.0,2.5037935593548895,0.804164288648618,101.78262754830857,0.10810974208164302,False,False,False,False,False,False,False,False,False,False,False,True,False,False,False,False,2.16500186920166,0.9320575088385982,-4.6542444853793565,3599379.296060217,0.1250019073486328,63.35028550838722,-26.72309740535824,1.2978407972128263,0.18432950734840514,64.06011838336144,25.80089189819803,1.1808523488080365,0.0,9.49528638021854,2.955436267096324,62.00935347925082,21.195103852629867,80.47847373182621,0.7492728129080216,0.2031100386601167,11.104712821657861,6.245792665283201,60.74942989765721,2169319.047619047,379165.0280185377,0.08074164254682059,-6.7942491161401835
2020-11-09,69.8499984741211,71.08999633789062,68.68000030517578,68.81999969482422,4208400,0,0,12489228.310282268,27.170851511565058,28.0,3.809999050813559,0.8532396715626065,150.73689782416875,0.04840407217804092,False,False,False,False,False,False,False,False,False,False,False,False,False,False,False,False,2.4689977645873995,0.8240312367576014,6.6168010351788,3620249.8868225412,0.0,63.454798734097096,-20.01390309227859,1.4388899497940058,0.3625919529435607,68.68222311001811,25.748545854446782,1.319344993943206,0.0,10.469628762488025,2.8084810051561666,63.796430229510676,41.88131131192156,89.44537579182288,0.7980409916169353,0.2159075543476491,13.919305550700201,6.240279160902342,62.02180982108759,382388.09523809515,57837.768815778174,0.20216497295435643,-17.59687632423986
2020-11-10,69.76000213623047,72.30999755859375,67.8499984741211,71.12000274658203,6561800,0,0,15549454.516402548,28.168424323077716,32.0,4.5333225699031985,0.9819149466202418,156.70799719421106,0.08893404807984358,False,False,False,False,False,False,False,False,False,False,False,False,False,False,False,False,1.1514989852905302,0.9157227406494658,7.563512586874614,5259094.192279952,0.0,64.03753129580238,-10.04326591964459,1.8460992889517296,0.5944656144234499,71.08378782154618,25.85621587994851,1.5449633967048853,0.0,11.62353620095686,5.487992699680905,67.9873686583914,67.50647199300074,89.0603828748555,0.9124090142706853,0.24149704194463048,17.781901689701158,6.2395885167213665,63.39210014388483,189202.38095238153,274436.2926374347,0.1961566267514817,-8.427725935053424
2020-11-11,72.0,72.23999786376953,69.38999938964844,69.4000015258789,4132300,0,0,11446159.323191375,29.09474193376804,32.0,5.296028619654038,0.8103318637756075,135.5625302377754,0.02166883711920858,True,False,False,False,False,False,False,False,False,False,False,False,False,False,False,False,-1.3090009689331055,0.7939096138213084,6.937808441587872,3492429.1584811704,0.0,64.6239949081253,-0.6616893875464029,1.3770637502671363,0.5898843583214397,65.60065909321304,25.89880406319109,1.766776120260939,0.0,11.999743057766171,4.533818593015065,62.189578108862314,83.75323599650036,84.45545304094584,0.7541910274969379,0.26857239585288784,18.956990687134407,6.272977221560887,54.26819544556882,171135.71428571455,119361.46118452278,0.18658341531709133,-20.609038617869157
2020-11-12,69.04000091552734,70.06999969482422,68.26000213623047,68.83000183105469,2581000,0,0,10490762.855479352,29.29056789971747,32.0,5.45694077435661,0.747377210050015,90.4110570265032,-0.013790888182298342,False,False,False,False,False,False,False,False,False,False,False,False,False,False,False,False,-4.437500572204584,0.753541360425971,-6.928746724733694,2783343.6769351023,0.8250007629394531,65.47764344677655,7.903888273815369,1.2153411688028544,0.509383842781493,61.66590565087025,25.92653269224927,1.9562362990365907,0.0,11.304809901014826,7.312133592198272,60.35277714087068,91.87661799825018,82.10579049655816,0.771656018030666,0.29307178871436945,19.280415080787186,6.33172980811062,51.31471052879891,-385152.3809523815,-121135.98429797805,0.050120012053348706,-24.645863957402906
2020-11-13,69.12999725341797,69.66999816894531,68.6500015258789,69.05000305175781,2901400,0,0,9864986.86870368,29.472406296670506,31.999999999999993,5.423205151277429,0.7469822580220397,84.72934245990947,-0.028809086520500668,False,False,False,False,False,False,False,False,False,False,False,False,False,False,False,False,-7.409498786926264,0.769122184600563,-1.5223584177189267,2476910.5147655234,2.3500003814697266,66.17871549397024,13.155571570971176,1.240787142568266,0.4347736002990392,66.00038870268477,25.872794338540537,2.115854675192599,0.0,10.030697787005348,12.900593891482092,60.833608955571364,95.9383089991251,77.21910529492807,0.7860372787666629,0.31481062361266177,19.683122217192498,6.366254199309299,53.03008668675877,-1613735.7142857146,-11924.66316171603,0.12313731703566322,-23.08778153994369
2020-11-16,69.8499984741211,69.8499984741211,67.44999694824219,67.66999816894531,3261100,0,0,7201758.1392831635,28.934351911166704,32.0,4.7956168904024,0.63572424676642,59.59203748899438,-0.05054593469541788,False,False,False,False,False,False,False,False,False,False,False,False,False,False,False,False,-6.736501884460452,0.6713881203510063,18.981574053501966,1480161.3093218994,2.6100006103515625,66.30690336352357,14.139728592618354,0.894603658823162,0.26466687045285675,66.50443225959573,25.883522619185715,2.2105345668031657,0.0,8.556577627966222,16.01233678158063,56.22715485948305,97.96915449956255,73.13505551258466,0.6482622493304663,0.3288074953729143,18.606825384495224,6.365487734764471,42.745342065353974,-1848350.0,-55901.25962161324,0.24604875719313357,-32.86118796489938
2020-11-17,67.19999694824219,67.75,66.2699966430664,67.27999877929688,3037800,0,0,8310143.990912396,27.79332257182505,32.0,3.9033816842471794,0.6000814577589421,27.8562841325496,-0.025633626073697156,False,False,False,False,False,False,False,False,False,False,False,True,False,False,False,False,-3.542499351501462,0.6437677648871138,17.262568280230855,1099461.1014367677,3.059999465942383,66.34441181695678,13.015203693823509,0.7930944055919902,0.10619867667410299,66.553389490732,25.83048670155551,2.2452191588833204,0.0,6.91553769159717,13.84094842025701,54.96054693869246,98.98457724978127,69.47593566128943,0.6103791097330847,0.3351506045878318,17.357186849266796,6.036864154608345,43.086974782576284,-1673890.4761904762,-82682.61272179324,0.21194633718089695,-35.623223511288614
2020-11-18,68.19000244140625,68.19000244140625,65.93000030517578,65.95999908447266,1929400,0,0,6431964.867076637,26.912365666308116,32.0,2.89517627042882,0.5028383385810631,17.026252060682953,-0.052305922073496214,True,False,False,False,False,False,False,False,False,False,False,False,False,False,False,False,-1.2815008163452148,0.5502833601649938,27.139310830233367,578565.5996323943,3.8700008392333984,66.33485171045544,13.27295816941016,0.4965046232823176,-0.09626003869131639,69.38416608195189,25.79636172264745,2.2040042822071917,0.0,4.752235341687311,5.739015638118182,50.79021406734575,96.94206823336495,62.18130818010379,0.43161867473397925,0.3313952288492722,15.032833030883076,5.21721510380457,41.29871012655662,-1766061.9047619053,-55361.469474252866,0.3540272157783414,-44.97166398350062
2020-11-19,65.52999877929688,65.58000183105469,63.33000183105469,63.61000061035156,3374000,0,0,3897712.3171634427,25.16021913194809,32.0,1.8002351985258116,0.34313361982880214,-38.68700245716068,-0.08997597628035191,False,False,False,False,False,False,False,False,False,False,False,False,False,False,False,False,-1.764998435974121,0.3838528607394948,16.675787706178046,-636785.8934128864,2.5700016021728516,66.0988603424151,8.451176211936755,0.03089420443655503,-0.3811906600727899,70.06722923022062,25.74994625589412,2.056161277926244,1.0,2.9662967360668846,-1.593438720641171,44.33974496950897,83.07806914862475,49.879226868202345,0.0,0.3132672475438717,10.89488344266723,4.9301335157542425,30.651697461291217,-1657664.2857142854,-158061.48163607414,0.26648689470659037,-69.76743190060371
2020-11-20,63.380001068115234,63.66999816894531,62.22999954223633,62.959999084472656,2921800,0,0,3938293.8402357604,23.99186845249536,32.0,0.5152938506182494,0.3135133861719262,-59.825954684055986,-0.07359976376728421,False,False,False,False,False,False,False,False,False,False,False,False,False,False,False,False,2.3479970932006893,0.33781875485786333,4.626225696520236,-817127.1169700439,2.020000457763672,65.78074951647092,2.6099839115546644,-0.05720305986568043,-0.5935178960452507,63.68887241873671,25.67872101090394,1.828514635072011,0.0,1.298378195494099,-1.609630515669678,42.72349149204372,41.539034574312375,30.834321497272498,0.0,0.28382897042739375,7.0181719887772696,5.4513852438608135,33.61891683654287,-1434723.8095238092,-150064.16416415042,0.07885723827132674,-92.75793962407816
2020-11-23,63.25,64.22000122070312,63.130001068115234,63.91999816894531,3205900,0,0,5379460.539333182,22.64112657377597,32.0,-0.5082349104039849,0.39242575939394386,-38.098917519767596,-0.0596317996904076,False,False,False,False,False,False,False,False,False,False,False,False,False,False,False,False,2.5215002059936467,0.4058073637170932,-5.305479439132474,-260728.80527276784,1.9850006103515625,65.59810790376594,-6.408482980933272,0.1698755003628974,-0.645108967001768,62.78406960661457,25.59495207303772,1.5815329480194331,0.0,-0.08799876269409945,-5.833823283299055,45.86224799756127,20.769517287156187,18.080163722208468,0.1242389077832628,0.25055799100058057,4.696844588387262,5.985303902822124,35.58447940113079,-905330.9523809524,19026.261433706804,-0.03163579067409128,-83.23413730869271
2020-11-24,64.31999969482422,65.13999938964844,63.25,63.38999938964844,3020100,0,0,2806780.9554380723,21.096602355171626,31.999999999999996,-1.081087549994976,0.35755623650505036,-35.27618932522211,-0.11895566926400111,False,False,False,False,False,False,False,False,False,False,False,False,False,False,False,False,3.4489995956420927,0.36827203656490265,-3.8544636205255216,-452146.0207130142,0.9000015258789062,64.98757972716928,-18.592989786492183,0.031556333514187435,-0.6868670834447073,58.570123959871914,25.570327715162136,1.3187000252908614,0.0,-1.313996367817044,-6.683351825601903,44.41514027356172,10.384758643578094,11.838620108681042,0.06695919119537716,0.21411204772652215,2.355637534513422,6.512546207078597,32.85408125870577,-593147.6190476194,23841.352296433204,-0.028177474003972414,-88.49206274118599
2020-11-25,63.65999984741211,63.880001068115234,61.900001525878906,62.189998626708984,3698600,0,0,191598.65756409196,20.123236159358317,32.00000000000001,-1.866264040329881,0.26379166211727756,-65.42999589585187,-0.11430446790348775,False,False,False,False,False,False,False,False,False,False,False,False,False,False,False,False,5.697502708435053,0.2832861404095072,-16.07578589976668,-1021599.8494408495,0.6250019073486328,64.236417277543,-26.6989427661483,-0.2479406635438926,-0.7614655173557344,49.14119327410153,25.58694727246144,1.027030758172277,0.0,-2.0581748093538943,-9.633828970525062,41.24208611980644,5.192379321789047,10.353185354327868,0.0,0.17310935748892747,-0.5999913171379341,7.326297955206926,30.940252266175612,-156057.14285714272,-95057.58410291544,-0.22240453292382556,-97.21424388713768
2020-11-27,62.11000061035156,63.349998474121094,62.11000061035156,63.16999816894531,2310300,0,0,1831164.1068069963,19.219396120388815,32.0,-2.162293826832496,0.2964314772321833,-68.7389726617102,-0.034858346388273204,False,False,False,False,False,False,False,False,False,False,False,False,False,False,False,False,3.735501670837408,0.35269121239031054,-20.739946126814665,-552215.1648880728,0.6250019073486328,64.0606187812902,-33.11990115249397,-0.09066125653955208,-0.7118789923185914,47.48904641974544,25.576063118835073,0.754027477065118,0.0,-3.111515605637031,-11.178296218525933,44.71566804438499,2.5961896608945234,8.831157883631068,0.12987643408018876,0.13348098546557835,-2.1136672276223254,7.912012975522365,31.454483960915717,-357754.7619047621,-33610.074109202644,-0.3145918604443332,-87.8002197207831
2020-11-30,63.279998779296875,63.279998779296875,61.41999816894531,61.650001525878906,4790200,0,0,-1774345.872929995,18.693665257659536,32.0,-2.1999408721923857,0.13434664562632048,-96.36255983252285,-0.0950545768349425,True,False,False,False,False,False,False,False,False,False,False,False,False,False,False,False,3.03800182342529,0.14514849637573093,-31.95864656687812,-1513482.7012778765,-0.44499778747558594,63.55154277550855,-39.621551310360516,-0.4674274724737135,-0.7449765483327746,38.15316856171591,25.57004528338852,0.46745778706231333,0.0,-3.1308617398775525,-11.167146728534386,40.6970599633798,1.2980948304472617,5.699198907015642,0.0,0.0916419668754681,-4.642106277885994,8.67550935891975,32.58804528529516,190721.42857142864,-78855.7416105039,-0.5027993583619168,-97.88793967103226
2020-12-01,62.52000045776367,64.30999755859375,62.47999954223633,62.869998931884766,4467200,0,0,-4337494.329852011,17.63932009959945,32.0,-2.1955001494463744,0.23732074409816,-72.52343703965737,-0.2022086372252882,False,False,False,False,False,False,False,False,False,True,False,False,True,False,False,False,3.2335031509399386,0.13314975612558447,-29.847597318086454,-518703.3993654121,-0.44499778747558594,63.4798037310878,-43.642481642762405,-0.22187316109047794,-0.6516058845826951,34.42308412089443,25.58480935221376,0.21636080421363724,0.0,-2.6641622323204297,-8.659018946126034,44.97173140788746,0.6490474152236309,9.237652364885983,0.19889114042256367,0.05362026130275227,-5.5288976513934065,9.032623413259412,35.30656225102873,596535.7142857141,-26859.98235267648,-0.4731144948003009,-86.59888351352666
2020-12-02,62.83000183105469,64.45999908447266,62.790000915527344,63.84000015258789,1652800,0,0,-3911922.303720164,16.57868925192383,32.0,-2.2750883775598894,0.3287126778070421,-58.38923820155928,-0.22681827807641752,False,False,False,False,False,False,False,False,False,False,False,False,False,False,False,False,1.893498229980466,0.22222241682978672,-31.80850096636383,-215571.76837347823,-1.7499980926513672,63.500821412745715,-47.11408536321202,0.0010703960937422782,-0.4983310661544934,40.47470084616673,25.355519324434322,0.024279487227353735,0.0,-3.1862378905537367,-7.545260925281437,48.17063020355553,0.3245237076118154,14.49669114175208,0.3711445413548166,0.02258351879572872,-5.324661415919437,9.232388893347778,37.86948371772179,554476.1904761908,113902.34680934076,-0.5343752030283939,-72.0231033901848
2020-12-03,63.29999923706055,64.30000305175781,62.93000030517578,63.68000030517578,2825200,0,0,-3643843.833605612,15.593817750510754,32.0,-2.087441220003015,0.31661815297994095,-58.059514028987294,-0.17615691988264676,False,False,False,False,False,False,False,False,False,False,False,False,False,False,False,False,1.5189989089965792,0.207530051689326,-23.578086169532835,-249351.7398785087,-1.9699993133544922,63.507618809804654,-46.613889019430694,-0.041402238055250846,-0.38652263434381207,40.45212202807081,25.115646833730693,-0.12479473803738567,0.0,-3.774827623425371,-5.896258270626932,47.67828776363304,0.1622618538059077,22.729017629232473,0.3466943517958503,-0.0029879715618228173,-5.296833989766306,9.42425293105878,37.179435671980876,-117966.66666666651,18419.830620687084,-0.41335465682729344,-73.19096020859108
2020-12-04,63.77000045776367,64.61000061035156,63.52000045776367,64.5999984741211,2499700,0,0,-1190019.680275802,14.490838853822968,28.0,-1.762794045840991,0.4111203562554776,-38.83890077834513,-0.22730775664916897,False,False,False,False,False,False,False,False,False,False,False,False,False,False,False,False,0.3629991531372099,0.2920110636735712,-22.163934618841612,114801.28337736361,-1.9699993133544922,63.52606662701803,-43.31949460158925,0.19336782139837744,-0.2367617994769714,39.58856423254924,24.807640782009454,-0.215876945867428,0.0,-4.534411314938012,-3.983353676873817,50.79263567506526,0.08113092690295386,30.836119528190093,0.6500652944637578,-0.021043416384072408,-4.385613819909285,9.470035513763936,44.024839974286934,-745107.1428571427,29032.989247187143,-0.3761395897998351,-62.2775778166538
2020-12-07,64.2699966430664,64.94000244140625,63.79999923706055,64.56999969482422,4076100,0,0,240178.64226598386,13.64939964508728,-52.0,-1.3080582674811865,0.42218788985310896,-30.574435261096006,-0.23672796061623838,False,False,False,False,False,False,False,False,False,False,False,False,False,False,False,False,-1.8189992904663086,0.28925635467648986,-18.87366505187791,80932.81085316993,-1.9699993133544922,63.55940514218688,-38.79484637076162,0.22180776645675748,-0.1311508019042706,48.41915187096226,24.589266398075438,-0.26609817700941063,0.0,-4.576435146913422,-2.107336884387027,50.686690686205914,0.04056546345147693,37.02008623163545,0.7003638549336663,-0.03334676220765907,-3.664956712290954,9.442436484422316,49.68553908029522,4445.2380952378735,34220.83551400517,-0.32790973697846704,-53.47120327984872
2020-12-08,64.05999755859375,65.55000305175781,63.869998931884766,65.01000213623047,3119300,0,0,1354215.874301188,13.242201569285672,-52.0,-1.0106460122501062,0.4784310560540378,-16.181420528503384,-0.1677818828312852,False,False,False,False,False,False,False,False,False,False,False,False,False,False,False,False,-2.278500938415533,0.32966062153296893,-11.85852698610876,265442.35437107645,-2.589998245239258,63.590694961662905,-32.841159237815376,0.39993720931847926,-0.028455070926362458,55.683644467830185,24.378164878075104,-0.27654223124850963,0.0,-4.622900271859837,2.2009141840050184,52.25959378151707,3.442706516651023,45.759769677240264,1.0,-0.03988307203069458,-2.6287472303331643,9.339455783269589,49.30698318374225,96657.14285714272,19363.14666635619,-0.16135694626012143,-46.97190987177667
2020-12-09,65.16999816894531,65.3499984741211,62.95000076293945,63.45000076293945,3636000,0,0,-766782.6808808448,12.348608774741331,-52.0,-0.8547636929680351,0.34739224777373373,-37.27642185252056,-0.25719082218031136,True,False,False,False,False,False,False,False,False,False,False,False,False,False,False,False,-0.9350017547607479,0.1876157718345592,-14.91715968589275,-582787.2667228105,-3.3799972534179688,63.59003420013935,-28.728390478178735,0.03875322593488032,-0.06054076870436215,53.690495397458264,24.26435330836131,-0.2996428170213522,0.0,-4.409827360926723,0.7782745959214004,46.58612133224122,4.960400758939478,49.45166105646525,0.5093227368229355,-0.04689157386783623,-3.2586987654445716,9.15842408681822,49.84700574095117,353523.80952380924,-65994.65539092763,-0.21061320754716983,-51.20190367897884
2020-12-10,63.209999084472656,63.22999954223633,61.27000045776367,61.310001373291016,3510400,0,0,-4133897.701842227,12.487027180580649,-84.0,-0.9979111727546268,0.1389793087997807,-103.83564097718124,-0.2480178073114617,False,False,False,False,False,False,False,False,False,False,False,False,False,False,False,False,-1.0605005264282283,0.004545558976742049,-10.086202373797496,-1572711.0653941054,-3.3799972534179688,63.55838106894499,-24.8246453547169,-0.48124588881693714,-0.21229900334456472,53.673794671877054,24.186566982902217,-0.38227233076001355,0.0,-4.096041888961772,-4.0832241402070775,40.14722024839459,5.348129209453658,34.25359557096208,0.0,-0.06027295650627452,-5.7952341458658765,8.84453454081675,44.93350712557209,155214.2857142859,-205647.0852447883,-0.18482831304690395,-99.06539973635823
2020-12-11,61.15999984741211,61.5099983215332,59.970001220703125,60.709999084472656,4250100,0,0,-4299490.115286831,13.241038412783452,-88.0,-1.453793716430667,0.09823334776289432,-152.75193158656916,-0.22935105106991716,False,False,False,False,False,False,False,False,False,False,False,False,False,False,False,False,-1.85450115203858,0.07489859002881101,-8.696229616099162,-1712333.7314387916,-3.3799972534179688,63.42119182850465,-21.110512775412452,-0.5438625072119455,-0.3323473585859882,52.33464555216385,23.99227114462547,-0.5125374221989587,0.0,-3.3826508998618467,-4.2277967044963,38.538878933797534,4.781798738420166,20.99810089824648,0.0,-0.07905809077521239,-8.380990177871887,8.482200554526298,43.239968741913195,437269.0476190476,-159989.48080109758,-0.18447405416679263,-86.73839388992346
2020-12-14,61.400001525878906,61.40999984741211,59.54999923706055,59.72999954223633,3585300,0,0,-7190860.134237256,14.129875558418748,-92.0,-2.0600292654598533,0.004220062638161362,-172.6168758765585,-0.2617079451068327,False,False,False,False,False,False,False,False,False,False,False,False,False,False,False,False,-0.40850143432616903,0.017475759078517217,-11.420399108573267,-1969656.3924875224,-3.3799972534179688,63.284139648321094,-17.75704934133688,-0.6738793206316422,-0.44972049270355413,45.283274692196066,23.9125032221487,-0.6900419581402915,0.0,-2.7586507903310498,-3.955618489781009,36.001960316605356,2.830324160472779,5.732069850876883,0.0,-0.10348661784192373,-11.34991100641682,8.326987901362099,37.88087173413171,393269.0476190476,-99468.06546787497,-0.2601793094278947,-96.99999682108763
2020-12-15,60.16999816894531,60.380001068115234,59.529998779296875,60.380001068115234,4678300,0,0,-2512560.134237256,14.964552045991582,-92.0,-2.9217647776884164,0.11043699706091625,-162.0529564874169,-0.1458858252328917,False,False,False,False,False,False,False,False,False,True,False,True,False,False,False,False,-1.5639982223510742,0.0981526477335598,-14.426156799185618,-1253862.316629407,-3.3799972534179688,63.11412587399898,-15.407088342218323,-0.4064269479394493,-0.45421609224858805,37.70131918305699,23.768037241565082,-0.870367406444319,0.0,-1.7321640925209592,-4.416649013299568,38.87599779854448,1.4151620802363896,10.127079539091042,0.17678080196247886,-0.12852955643961725,-13.013440186571254,8.032659095179254,38.76045958065655,664126.1904761908,-6964.217833384762,-0.3605441912071554,-85.88037067171575
2020-12-16,60.70000076293945,61.75,60.0,61.029998779296875,3824500,0,0,-1835082.612613372,14.708365199469641,-88.0,-3.5386764638564188,0.21105059831896916,-109.46554819801386,-0.1505780554792529,False,False,False,False,False,False,False,False,False,False,False,False,False,False,False,False,-0.031500816345214844,0.1732100884163639,-6.429122730889409,-719608.2361946083,-3.3799972534179688,62.95920783470746,-12.87577253613901,-0.10985454976179544,-0.38669156626038015,45.266524849572654,23.537077464895297,-1.0247187060387102,0.0,-0.8853339711244106,-1.0056816402863702,41.69573240954113,0.7075810401181948,14.01218611499065,0.35022145782929875,-0.1507392137826172,-13.612886291232174,7.47926561306885,39.48264638742197,513266.6666666665,92081.9871664446,-0.17303574218871554,-75.08307416222463
2020-12-17,61.279998779296875,62.400001525878906,61.20000076293945,62.09000015258789,6472300,0,0,1293183.0328806788,14.029861038516174,-80.0,-3.689264454561119,0.39462374658135335,-51.24969945667761,-0.07145324798897565,False,False,False,False,False,False,False,False,False,False,False,False,False,False,False,False,1.132000350952147,0.4231405094163075,-4.590712065195977,363285.35302625573,-3.3449974060058594,62.93392711731791,-9.001092170860943,0.2750597614108349,-0.2505191439092459,49.46472977843819,23.317834443502655,-1.1253016321168285,0.0,0.8839750561232105,-1.2406533999498695,46.06535158256936,0.3537905200590974,27.187154913774375,0.6189948424955869,-0.16663055893362752,-12.859996630808679,6.960973544578486,39.5149201236134,1178314.285714286,153585.5234937878,-0.07941914326025246,-57.47509042473646
2020-12-18,61.72999954223633,61.88999938964844,60.13999938964844,61.150001525878906,7819000,0,0,2499562.1222361475,14.000015279917893,-80.0,-3.6969115649952613,0.25896366125564274,-86.82368069052792,-0.01830923829607868,False,False,False,False,False,False,False,False,False,False,False,False,False,False,False,False,1.0950004577636747,0.26910325529051243,-4.79172993554964,-738591.0205828592,-2.259998321533203,62.77966358969667,-7.570184699467546,0.023214588252395467,-0.20552227727404349,46.92906252952008,23.232178210685827,-1.208493367205004,0.0,3.5038097060674427,-4.21365698665328,42.98853661079614,0.1768952600295487,31.450720314030036,0.42974128487209834,-0.18014476305452232,-13.102636461345465,6.189411679752416,43.93116659096626,2008871.4285714286,-5959.784517813168,-0.11356858754176324,-73.08967447094875
2020-12-21,59.75,60.060001373291016,58.40999984741211,58.689998626708984,7948800,0,0,-2751477.5884944703,14.804102011792395,-96.0,-3.8884113536161493,-0.038501693025602315,-161.08307652545955,-0.08219392074380327,False,False,False,False,False,False,False,False,False,False,False,False,False,False,False,False,2.228498649597171,0.039215497708244174,-10.48870375462612,-3426516.7383455755,-2.25,62.2108722244425,-8.01577704920075,-0.6859017959465145,-0.3165659875188861,36.91357062564033,23.276047703117673,-1.3373311001242516,0.0,6.40350945685695,-7.836057874612195,36.17822044998883,0.08844763001477435,24.452261625046386,0.010841684539381977,-0.19863329142095362,-15.499342477448486,6.22379739137242,42.094966652146354,3134952.3809523815,-438146.3307660522,-0.3459091070799064,-96.07845022917559
2020-12-22,58.779998779296875,58.880001068115234,57.560001373291016,58.06999969482422,4705600,0,0,-3820943.2602570346,15.90619711200946,-96.0,-4.060411183974317,-0.025259761328006603,-171.42752509919498,-0.11099560862241444,False,False,False,False,False,False,False,False,False,False,False,False,False,False,False,False,2.490999794006349,0.06382956375436792,-14.182411399872185,-3353795.3434214867,-3.309999465942383,61.470249570107335,-11.238903888972779,-0.7837444166536834,-0.4014455410341107,32.5802257582161,23.279586378432793,-1.5018853721441503,0.0,8.262447812276362,-10.108357482257228,34.68673822766121,0.044223815007387174,12.4049438917708,0.0,-0.22123599345555256,-17.920936915028644,6.5428799054730895,41.26850269273892,2327995.238095239,-369481.98953707574,-0.45826142479847287,-93.61704362456321
2020-12-23,58.70000076293945,59.209999084472656,58.41999816894531,58.68000030517578,2861200,0,0,-4798808.449977645,16.677642535188085,-92.0,-4.301529121398929,0.10832046101925358,-128.3470633608094,-0.09193166525948235,False,False,False,False,False,False,False,False,False,False,False,False,True,False,False,False,3.1665021896362333,0.14017505589556803,-12.974324967098974,-2625348.3305987185,-2.895000457763672,61.1613974204068,-12.617909472530961,-0.5488196907254955,-0.38606570866865875,37.043074532123825,23.263216412290074,-1.6615551951286265,0.0,8.75857084310497,-9.121882325361954,37.420296842532714,0.022111907503693587,8.107337245272655,0.15555574371472622,-0.2434238482989052,-19.099068237657207,6.72764564679712,45.04956047366843,672823.8095238097,-19654.09372245459,-0.4102566738108627,-85.9824944104432
2020-12-24,58.66999816894531,58.90999984741211,57.86000061035156,58.02000045776367,1509700,0,0,-5848409.506831207,17.640873201790953,-48.0,-4.753352872063132,0.08570621365752953,-127.16889420222304,-0.07499203104461387,False,False,False,False,False,False,False,False,False,False,False,False,False,False,False,False,1.8150007247924833,0.057571838277877006,-16.512094847559975,-2392641.6790329106,-2.895000457763672,60.91660408435519,-12.616251588665136,-0.7281108142288149,-0.3888200122255614,33.50655735613027,23.20658708872534,-1.8238888745177664,0.0,7.827698230545373,-10.752194199008073,35.680279738947064,0.011055953751846793,8.719215264260416,0.05653842133061014,-0.2659995172153196,-20.598466263613098,7.2144936307083025,39.88309496957207,-1402828.5714285718,13075.42536203179,-0.4875925233955276,-94.2428161722123
2020-12-28,58.31999969482422,59.060001373291016,57.90999984741211,58.83000183105469,3476200,0,0,-3762684.8944371063,18.41052077011994,-48.0,-4.997146718642291,0.21027918011213054,-101.39433315930872,-0.06846154412540396,False,False,False,False,False,False,False,False,False,False,False,False,False,False,False,False,-0.10799884796142578,0.15894870975889114,-16.885096139818124,-1648589.0429090338,-1.5900001525878906,60.84562509594362,-12.231078401963622,-0.3895010485207117,-0.3080978125458298,32.45327719764627,23.135978459252232,-1.9542797136626442,0.0,6.71797849953092,-7.281322106119285,39.40432152093683,0.005527976875923397,11.889853464411189,0.2684585484025381,-0.28495326865435844,-20.777080154749065,7.572643203535968,41.149537335023865,-1769778.5714285718,31550.016545563416,-0.5052219670053689,-84.10512902411088
2020-12-29,59.31999969482422,60.45000076293945,58.9900016784668,59.029998779296875,2023100,0,0,-5674938.065079596,18.041776693053944,-48.0,-4.601176093606391,0.2537968011230985,-63.704385936122186,-0.04941161214669211,False,False,False,False,False,False,False,True,False,False,False,False,True,False,False,False,-0.5770009994506822,0.1839796116648548,-11.826972308563038,-1355274.3473522048,-1.5750007629394531,60.82236380386283,-10.313084532182074,-0.2892807847149235,-0.2175125890287788,30.934932135075798,23.151773732018093,-2.0482701309115647,2.0,4.944249067166188,-3.7188102151754263,40.3230752818756,0.0027639884379616984,13.507458375245742,0.4736663241008685,-0.299554471191307,-20.663952008104935,7.78864281805754,34.71206816232261,-1970845.2380952383,55407.956663303616,-0.4284468874186734,-81.12967967793954
2020-12-30,58.970001220703125,59.36000061035156,58.7599983215332,58.91999816894531,1743400,0,0,-6488529.165424825,17.827107606413907,-48.0,-4.109058840134566,0.26590881668357214,-73.45053551940337,-0.028222507256554386,False,False,False,True,False,False,False,False,False,False,False,False,True,False,False,False,-1.3595005035400405,0.17021232915626458,-10.809160295986564,-1189060.164028592,-1.5750007629394531,60.7655694602161,-10.041431174482916,-0.2881310305771555,-0.1447816051407358,32.07645910146073,23.15172474126632,-2.1129281643965117,0.0,2.6546867001530643,-2.948444972032884,39.964166040031685,0.0013819942189808492,19.583677727465712,0.46380236745579045,-0.3104109304049161,-20.666257163279006,7.881212926681768,32.99836832017103,-1757759.5238095238,3628.905319317044,-0.47443187308621737,-76.01415811555239
2020-12-31,59.0099983215332,60.08000183105469,58.83000183105469,60.029998779296875,1861900,0,0,-4775590.256733418,17.093852840800672,-48.0,-3.646940646452066,0.40293769097076193,-47.17651881906984,-0.011300693781486251,False,False,False,False,False,False,False,False,False,False,False,False,False,True,False,False,-0.5189989089965792,0.3091360309300746,-1.3374835376043939,-723950.1211082826,-1.8300018310546875,60.75222382786812,-9.016428526467209,0.17109318322838254,-0.008866376791331732,36.34191484836457,23.15807703024574,-2.121512534480945,0.0,0.1470136186715547,0.5022588973040443,45.259046489729606,50.00069099710949,31.296388284646458,0.9291385454720669,-0.3142917597716014,-19.18004824806276,7.7837027841098605,45.15609462122867,-2178109.5238095243,31827.774908587366,-0.26894495406777164,-48.966997352568654
2021-01-04,60.61000061035156,62.130001068115234,59.90999984741211,62.09000015258789,6310800,0,0,1307788.4469575565,16.609182661350285,-48.0,-2.8803817636826494,0.6467016609818775,21.1784625935767,0.061963796046926506,False,False,False,False,False,False,False,False,False,False,False,False,False,False,False,False,0.21049880981445312,0.5669584264926134,6.503026179755907,1236650.8485593204,-1.710000991821289,60.75779209560889,-6.56920440168939,0.9377102639058225,0.22017364862687172,45.97674904997292,23.27861524825479,-2.034922665545661,0.0,-0.333688971902252,2.832062030842945,53.46219352448684,75.00034549855474,56.204619227445995,1.0,-0.30631839149850904,-15.249229446557372,7.580305761517896,55.006209919797406,-896069.047619048,251639.21538735065,0.034499139820009184,-6.4049868495409354
2021-01-05,62.0,62.790000915527344,60.97999954223633,61.06999969482422,3602700,0,0,-1936631.6594323725,16.508065937814766,-48.0,-1.986411262960992,0.5537452443635856,38.74188958013068,-0.009215759351778907,False,True,False,False,False,False,False,False,False,False,False,False,False,False,False,False,1.447000122070314,0.4392988215500272,10.570607129726591,535021.3488815346,-1.3800010681152344,60.759300266350685,-5.594225724674388,0.6250988833168358,0.29851549442375047,52.171047663779795,23.4763148732959,-1.915639823145632,0.0,-0.7362643187939317,0.06554303838674368,49.50628689475751,87.50017274927737,70.5802667621467,0.7893043568217406,-0.2932408468821637,-13.093552313300702,7.2761306071472305,49.12760630578634,-277545.23809523834,157378.32800531707,0.1426510959186975,-32.88721551145029
2021-01-06,62.61000061035156,67.8499984741211,62.27000045776367,67.66000366210938,11283800,0,0,8578758.225190084,18.29321853669406,28.0,-0.812823430229642,1.2242053058368025,208.39318903307867,0.09451771412843119,False,False,False,False,False,False,False,False,False,False,False,False,False,False,False,False,0.3525012969970689,0.9815359703068923,22.46681597933163,11081487.837048778,0.14999961853027344,62.1954506153159,6.042675748226124,2.5323793250731583,0.7632681585858766,64.72831271095947,24.041474046740852,-1.6051839425035217,0.0,1.8144748046163643,8.970854398184969,66.66721710809054,93.75008637463868,86.28713155656601,1.0,-0.25612112104294,-3.663702172599769,7.022750965915777,66.44580134300277,2391266.666666667,1158439.4878628955,0.3876632583009928,-1.8464029693107704
2021-01-07,67.73999786376953,69.95999908447266,67.73999786376953,69.75,4312400,0,0,12075302.771206994,20.46176692969431,32.0,1.0910587198594044,1.2397293288163032,287.257094454417,0.11990188386695606,False,False,False,False,False,False,False,False,False,False,False,False,False,False,False,False,-2.344501495361328,0.983064586835908,33.39611451560206,10785975.3185446,0.14999961853027344,64.28086281108072,20.14163129326996,3.044802566988353,1.1569329184587303,65.29371133348954,24.451243112250754,-1.1366170093956858,0.0,3.47387801820532,14.06377474983634,70.13398902530619,96.87504318731933,87.85761340094325,1.0,-0.19722482373889394,5.137513873453809,6.829483547726538,68.79212274888273,1690283.333333333,1350832.5137410788,0.5901095670361008,-1.6935413164092001
2021-01-08,69.87000274658203,70.26000213623047,67.55999755859375,68.20999908447266,3676000,0,0,10169229.851273116,22.54282142148009,32.0,2.927646603303799,1.0252787514805677,226.05454999966213,0.1222508681093277,False,False,True,False,False,False,False,False,False,False,False,False,False,False,False,False,-3.202500343322754,0.8385824465664573,32.48590250211741,8436401.220827013,0.17499923706054688,64.97054371331264,30.756987526609002,2.510562821355555,1.251109771389606,57.538891698714856,24.80681502142344,-0.6329286845334211,0.0,4.2617700393096225,16.22082242379071,64.7870863113074,98.43752159365967,93.43943345697527,0.8491588883853859,-0.13053629473467676,9.895597392998043,6.748999683984988,66.04093202204008,1914452.3809523815,52046.77431865898,0.5022700309546041,-16.141755343354273
2021-01-11,66.8499984741211,68.94000244140625,66.8499984741211,68.68000030517578,2522000,0,0,12063742.633222513,23.99712991645018,32.0,4.201470173106479,0.9787714838230099,168.52234709083808,0.18309224937931437,False,False,False,False,False,False,False,False,False,False,False,False,False,False,False,False,-2.9609996795654325,0.875590414477346,27.73272492276178,7400535.771939338,0.5999984741210938,65.77503357341969,40.52770721915414,2.5486979723535446,1.2780586084039256,62.40472288287875,25.092401155070778,-0.12213566402226333,0.0,4.024237295010286,18.27105332548716,65.64786240739015,99.21876079682983,89.90791492932372,0.8734421847402031,-0.059727397414961476,13.781090095081161,6.572587971382767,68.89906066247973,-627790.4761904762,-63784.062841204184,0.4838371309029508,-12.440958552265405
2021-01-12,68.68000030517578,69.81999969482422,68.12000274658203,68.13999938964844,1859500,0,0,10247988.309143202,25.577398967959283,31.999999999999993,5.441411478379187,0.8898494738154727,145.68827929996712,0.16900638878706772,False,True,False,False,False,False,False,False,False,False,False,False,True,False,False,False,-3.992499542236331,0.8330706599035392,37.391866556397424,6199868.989887563,0.5999984741210938,66.1940160989589,49.39285594674942,2.271284729897041,1.1940885940194232,72.82713921862882,25.322887208635294,0.3518366453910172,0.0,2.8412559339748134,16.121334415941117,63.72056797119992,99.60938039841491,84.90811736491143,0.8190714114694513,0.00918335496310245,16.16392493186011,6.068675593907324,64.6529686604865,-1010473.8095238092,2757.4109739365013,0.7021276185974517,-16.692934009646077
2021-01-13,67.37999725341797,67.66999816894531,66.2300033569336,66.51000213623047,2745500,0,0,8570181.94546349,25.84120352990566,32.0,5.723088219586536,0.7592900326709171,89.45336858235267,0.18490910698913435,False,False,False,False,False,False,False,False,False,False,False,False,False,False,False,False,-3.521498298645021,0.7047244271871956,31.857929239997187,4674865.21143805,0.6350002288818359,66.22780253039825,55.95651998280431,1.7263834855939246,0.9727160500422289,74.89486374345864,25.48980430397436,0.7362788581390256,0.0,1.4352846187845563,14.632887989456655,58.16922784508481,99.80469019920746,80.20805855854364,0.6527293743388479,0.0686307714370218,16.29920149096893,5.498177179666431,58.80408258688378,-1180633.3333333335,-80296.36279217749,0.6483053826833755,-30.2419317624576
2021-01-14,66.63999938964844,67.20999908447266,64.9000015258789,65.02999877929688,3039200,0,0,5873049.538667707,25.344077788742776,32.0,5.109382685493017,0.65199177165488,59.792702515886205,0.10030921549069548,False,False,False,False,False,False,False,False,False,False,False,False,False,False,False,False,-3.5540012359619126,0.5881887367916115,25.82546800776917,3364452.152319389,1.1749992370605469,66.14490972225526,59.341200653416834,1.1881238243795829,0.6841822204240193,68.92483814496248,25.628698717529513,1.0063086531998267,0.0,0.06949325360397607,10.538835212086267,53.60290089737469,99.90234509960374,70.29589766371566,0.520194241190847,0.1143032292661388,14.88938404997393,5.1699922406548104,56.60817868935633,-1020947.6190476194,-133305.24432771857,0.5215331850227912,-42.17744123674931
2021-01-15,64.12000274658203,64.83000183105469,63.5099983215332,63.9900016784668,4129700,0,0,4746780.739918462,24.178076840314528,32.0,4.123735708348889,0.5782768797554131,26.264811026078068,0.07844628966532506,False,False,False,False,False,False,False,False,False,False,False,False,False,False,False,False,-3.81200199127197,0.5062992062126096,23.65796467307934,2270262.4123740518,1.7099990844726562,66.06406804255303,58.276056356735076,0.8596839297478885,0.3951991998779696,65.32961660345808,25.59488707925315,1.1626439778681608,1.0,-0.7308245849937509,8.402512284837629,50.59714421351571,99.80174482833782,58.93713397800167,0.36423507319066845,0.14523375252620846,12.760692481521216,4.831366166394394,44.52827610722654,-451357.1428571427,-133673.85472212065,0.42089481392145534,-50.76922506678808
2021-01-19,64.5999984741211,64.83999633789062,62.650001525878906,62.790000915527344,2649500,0,0,2436028.9240137497,22.68750826389661,32.0,3.263882479948151,0.5014321395749353,12.0085692099748,0.014271302336826577,False,False,False,False,False,False,False,False,False,False,False,False,False,False,False,False,-2.737001419067383,0.41181096283854307,20.91242837512263,1491738.9218337473,2.354999542236328,66.03844482310733,51.23437126115464,0.501184171592162,0.10997180378428018,59.950183500673276,25.563197298507294,1.2072747206916832,0.0,-1.7776171150267683,6.568232971571569,47.301257388507835,98.28440089196215,47.36560762980961,0.24319305260946633,0.1608942620199129,9.934898832811383,4.8989161121206894,35.40664866881728,-424307.1428571427,-115730.4536580831,0.3729034849360029,-64.95651080703377
2021-01-20,62.810001373291016,63.08000183105469,61.540000915527344,62.41999816894531,3410900,0,0,2923285.8684925977,21.331298301287173,32.0,1.9330588957842707,0.47433742405105817,-9.585473613423979,0.005599486021316391,False,False,False,False,False,False,False,False,False,False,False,False,False,False,False,False,-0.7404998779296861,0.3826768900547244,9.918509263731902,1098341.594669405,1.989999771118164,65.99266924637969,44.693205745876945,0.38183512395563907,-0.1052316618506749,54.85182596592485,25.521154612334204,1.1675140707577276,0.0,-2.5912248556825803,3.9813417262182247,46.2997976655865,89.62441526238058,38.700113066244,0.20999896580921792,0.1642004082097441,7.357823673338233,5.331194004860833,38.23639430821577,-399535.7142857141,-69785.33501321104,0.20116461791148743,-68.17392492744614
2021-01-21,61.779998779296875,63.66999816894531,61.529998779296875,62.75,5083300,0,0,3635905.4703379134,19.820276702318004,32.0,1.0864407932057105,0.4817573306783998,-7.584213738160174,0.08773106565950775,False,False,False,False,False,False,False,False,False,False,False,False,False,False,False,False,-1.9635004043579087,0.40866128463977697,12.412999456725942,1181078.2679738177,1.9849987030029297,65.6154122617199,33.445876288356075,0.42412324630038656,-0.2203516621376148,60.31981729119993,25.492694510171404,1.0823742697946799,0.0,-2.479700933549677,1.062972855194301,47.37005884109076,53.61698110174764,33.72175345532837,0.08486501419418141,0.159833148429808,5.561642512121563,5.809812281538006,35.98059461929593,-320233.3333333335,6774.956602486956,0.25015430372237457,-65.70430389953496
2021-01-22,62.52000045776367,62.68000030517578,61.47999954223633,61.5099983215332,3896800,0,0,-66062.58159279916,18.41623540933283,31.999999999999996,0.33688189562629134,0.38650695833521914,-27.870488551698887,0.052152858965635485,False,False,False,False,False,False,False,False,False,False,False,False,False,False,False,False,4.454503631591798,0.2943546179058176,9.375008504369786,322061.5810276418,1.7399978637695312,64.28738038837139,20.292257330029223,0.03595348504814092,-0.3663982347941711,55.32097655623285,25.492329850033535,0.939684707365209,0.0,-2.304627472145838,0.7204824445844479,43.834782912503144,26.80849055087382,27.193563403226957,0.0,0.14636488760940847,2.9601727754414835,6.552583799946514,35.5525071885176,-49816.66666666651,-50130.22534789724,0.1936578293216169,-84.541080963338
2021-01-25,61.369998931884766,62.15999984741211,60.70000076293945,60.93000030517578,3543500,0,0,-2493118.898056102,17.497909497591213,32.00000000000001,-0.14685331232406895,0.33550080601486576,-45.26575889427168,0.031723895491346916,False,False,False,False,False,False,False,False,False,False,False,False,False,False,False,False,6.431999969482419,0.24758059008437247,3.529678339995596,-17550.49782809621,1.3499984741210938,63.24137333812211,9.089717424105686,-0.14400208587060173,-0.481217993676787,47.22614891617489,25.444591451995837,0.7513909342819456,0.0,-2.2428826654773335,-9.946797210569022,42.24660157104237,13.40424527543691,17.386822581263292,0.0,0.12533175575100688,0.32624632517820545,7.372773539795636,34.29582371055827,192047.6190476194,-110417.42587961521,0.058638361892460855,-97.59414739333712
2021-01-26,61.400001525878906,61.66999816894531,59.83000183105469,60.099998474121094,2989800,0,0,-4605486.756679823,17.056425121435797,32.0,-0.6483530829934523,0.2629519754362549,-65.78523623983337,0.01676001550905322,False,False,False,False,False,False,False,False,False,False,False,False,False,False,False,False,4.787999153137207,0.17732779116096198,-2.5636498446641047,-369548.92306512594,-0.1600017547607422,62.0195467892329,-2.782875830589198,-0.3775515031575044,-0.5853042154100259,41.56726484411626,25.454269195876357,0.5212694682168438,0.0,-2.4911331279633213,-13.835127635668682,40.01244529387524,6.702122637718455,6.817808621173671,0.0,0.09734900467106605,-2.565954448956619,8.23633541365986,35.70310914639636,-462007.1428571427,-74140.53912821488,-0.03873992138475857,-97.41134577980382
2021-01-27,59.290000915527344,59.5,57.79999923706055,58.41999816894531,5622800,0,0,-6126959.192362934,17.48795925392977,32.0,-1.2121181039249223,0.14734317781261186,-109.86273947821172,-0.030983876858958797,False,False,False,False,False,False,False,False,False,False,False,False,False,False,False,False,5.278500556945801,0.04975913223311285,-18.313630040005382,-1666228.464904734,-1.4050025939941406,60.59822640980629,-14.39079249405831,-0.7980832940253195,-0.7301173824288293,23.513056540363934,25.43445530443525,0.2322716073435735,0.0,-1.800145620243552,-14.352735738059764,35.876738698438814,3.3510613188592275,3.323473350056766,0.0,0.06053678814747505,-6.39193568324503,9.310439095943272,31.075406619771208,517683.3333333335,-197904.1833158551,-0.40777387324035264,-95.02408677668872
2021-01-28,59.099998474121094,61.38999938964844,58.790000915527344,60.77000045776367,4474900,0,0,-3786239.8450873634,16.855188975373803,32.0,-1.5782353906070483,0.30260485443438173,-72.34858559796643,0.02398091149632592,False,False,False,False,False,False,False,False,False,False,False,False,False,False,False,False,4.651499557495114,0.23836280334260473,-26.27366811858183,74093.49325783877,-2.5900039672851562,60.62249800134268,-24.03691711020994,-0.1825356559371448,-0.6340166283030778,22.823390024543258,25.484606164741788,-0.019302356078067157,0.0,-1.0458580919601497,-11.517180856529503,44.51581734907785,1.6755306594296138,10.46694925925597,0.2901831565075089,0.026584638790282774,-7.1570257349275375,9.806067076457511,39.777992325315985,816542.8571428573,22830.812884327897,-0.5662129396375163,-76.16371966573952
2021-01-29,60.4900016784668,61.119998931884766,59.2400016784668,60.29999923706055,3446500,0,0,-3346264.3951350474,16.26761657385755,32.0,-1.8414706286262117,0.25788817765169475,-77.19614778570583,0.03905302250504627,False,True,False,False,False,False,False,False,False,False,False,False,False,False,False,False,2.9525022506713867,0.20064200788962486,-26.237792616829505,-167899.74965804108,-2.5900039672851562,60.583712653288835,-31.235879951361717,-0.29007886456901655,-0.5704744398034094,23.154791284755447,25.548139336362734,-0.24646440735860214,0.0,-0.7023884521451449,-11.505723837413056,43.26048535648619,0.8377653297148069,16.536953883559,0.24801706278313218,-0.005520276919702515,-8.157338345810635,10.317210118757412,40.59177401507658,985169.0476190471,153351.71130354638,-0.5811208099316096,-79.20133190689474
2021-02-01,60.25,60.709999084472656,59.470001220703125,59.599998474121094,3044400,0,0,-5752334.846562177,15.722013629592455,32.0,-2.0459412518669566,0.209511735329221,-84.64071487613106,-0.01196345830469791,False,False,False,False,False,False,False,False,False,False,False,False,False,False,False,False,1.4939989089965806,0.1444621844494484,-20.491495415834287,-448354.4029487311,-3.295001983642578,60.47289433278519,-35.64734357676632,-0.46365612122131555,-0.544048122814795,23.07607633895212,25.618501123316964,-0.4642149117495419,0.0,-0.8039410684076104,-10.389420297951304,41.388476510320096,0.41888266485740344,19.869994369050577,0.1979518606398464,-0.03719017609212065,-9.544386837714516,10.839579819922365,35.775059289071976,88388.09523809515,-61996.90588911969,-0.5295013429865925,-85.024965320214
2021-02-02,60.36000061035156,61.150001525878906,59.59000015258789,59.63999938964844,2687600,0,0,-8267655.575755589,14.958962879730224,-52.0,-2.1110587624942596,0.2289541060904252,-77.19396962130106,-0.12272937502195752,False,False,False,False,False,False,False,False,False,False,False,False,False,False,False,False,0.5765018463134766,0.1476725300529802,-26.350533125321483,-368945.7081601568,-3.295001983642578,60.405086711951284,-38.4355733834217,-0.45405601342813784,-0.49380545217693605,23.90636580651291,25.693697394268895,-0.6628456080730928,0.0,-1.3427659244720849,-8.288481455983684,41.544144969855985,0.20944133242870172,18.138685631185684,0.25422940588354426,-0.06703907406573797,-10.626418326309354,11.168568305182847,35.570124809557896,-566528.5714285714,-33537.532778248125,-0.5931878774005382,-81.3576458793342
2021-02-03,59.790000915527344,60.9900016784668,59.58000183105469,60.47999954223633,2527500,0,0,-7568567.687555991,14.255896681482833,-52.0,-1.778323106204759,0.29272936788191234,-69.44660081610809,-0.07319373723934335,False,False,False,False,False,False,False,False,False,False,False,False,False,False,False,False,-0.593998908996582,0.21508825695011044,-19.12154963264072,-12939.123327863927,-3.7900009155273438,60.40789026085919,-37.455674557821354,-0.238451662832633,-0.37908939141089504,29.054522636537328,25.745706955093727,-0.8158229456297201,0.0,-2.2157042951078596,-5.485235262013777,44.85627827961099,0.10472066621435086,20.69924418971254,0.5065698643844763,-0.09167871526972954,-10.632579821109795,11.25577357502564,39.498693058087106,-857290.4761904762,37402.39810036939,-0.48888029270933997,-71.51965623131416
2021-02-04,60.790000915527344,60.970001220703125,59.91999816894531,60.400001525878906,3089400,0,0,-7833361.857262297,13.603049497395968,-52.0,-1.7217349557315629,0.30817280645091316,-62.10913870972994,-0.2387175799470028,False,False,False,False,False,False,False,False,False,False,False,False,False,False,False,False,-0.601001548767087,0.20866787189845437,-13.874122268129161,-46397.23024311467,-4.05000114440918,60.40749041436391,-37.921330649874506,-0.277699461601296,-0.28782437668798033,35.212343946962534,25.71120229303686,-0.9324517422398175,2.0,-3.003356789764884,-3.8063375613957255,44.5971164087124,0.05236033310717543,28.01818793061676,0.5924006442174452,-0.1118644695634171,-10.706797271432276,11.210251732301714,42.82474621459575,-845876.1904761908,31512.191739875525,-0.42757496461972677,-63.06813409750132
2021-02-05,60.83000183105469,61.20000076293945,58.56999969482422,58.880001068115234,4287400,0,0,-11110039.919570927,13.758094995434092,-52.0,-1.7516173306633434,0.21510717234240215,-78.1571256094378,-0.33735813548221666,False,False,False,False,False,False,False,False,False,False,False,False,False,False,False,False,0.2725002288818388,0.08667749436291355,-12.024142648322881,-970747.6205820935,-4.295001983642578,60.320431751731334,-37.48066429295612,-0.557731428725227,-0.30728386790962736,35.32013895936919,25.868917319266238,-1.0580126103780592,0.0,-3.1412083157430106,-5.6712547335370935,39.882179005128535,0.026180166553587715,26.917717029668722,0.34850158674563064,-0.1327323204835638,-12.100533770007853,11.11613265426261,39.97256555451929,-323873.80952380924,-111981.2708452893,-0.31043950326876846,-84.65905858217832
2021-02-08,59.16999816894531,59.43000030517578,57.77000045776367,58.2400016784668,4197600,0,0,-12930679.310690034,14.304470919274182,-84.0,-1.95549961538876,0.1879341296240067,-100.72449876727605,-0.33358329307159434,False,False,False,False,False,False,False,False,False,False,False,False,False,False,False,False,-0.4690015792846651,0.039004253150291164,-13.144702780262623,-1215849.5944972632,-4.435001373291016,60.19905457104478,-35.30384583000182,-0.6264301618995488,-0.3382632612657933,34.45505715528148,25.980252221980514,-1.1974067117592708,1.0,-2.905186666556586,-7.187248321168452,38.05772667756642,0.013090083276793858,20.079644265153487,0.18976135286042511,-0.154936054213592,-13.800944203253604,10.961112698637727,33.69764394244487,122247.6190476194,-153520.90682140444,-0.3859717281207591,-92.03387452485987
2021-02-09,59.75,60.630001068115234,58.75,60.27000045776367,5691000,0,0,-9419213.682513235,13.966193847578776,-84.0,-2.052529121847712,0.3755172214490952,-58.27497615331514,-0.29665707840909494,False,False,False,False,False,False,False,False,False,False,False,False,False,False,False,False,-0.6284996032714858,0.20746889280383432,-5.9449144175947835,608232.2122849908,-4.435001373291016,60.199447352142414,-28.946298874961464,0.06997592257167647,-0.20367509917596094,43.47339128438023,25.95950046628407,-1.282023531018484,0.0,-1.8243070252049616,-2.015928950749845,46.428879525988016,0.006545041638396929,21.89332156227915,0.9181107544711986,-0.1704947262013166,-12.85825623279,10.64768715520974,38.92196836657455,826583.333333333,152738.0150764273,-0.1775193344564513,-57.627102206124334
2021-02-10,60.900001525878906,62.33000183105469,60.75,61.060001373291016,5294500,0,0,-12636118.278976677,13.298673024366835,-84.0,-1.869323416317215,0.48281244114964267,-0.7256165487527889,-0.3016949708262675,False,False,False,False,False,False,False,True,False,False,False,False,True,False,False,False,-1.104501533508298,0.3323234016318431,-2.8734979024643144,1118864.7315670666,-3.9650001525878906,60.24598900436005,-20.403946221741826,0.4022045754937262,-0.051037284816692785,43.585002583842304,25.87798918119843,-1.3040736683593934,2.0,-0.4693976418117287,0.21336134492714134,49.30044535808546,38.330870869108175,39.11505132572478,1.0,-0.1781424037281554,-11.20452320902028,10.306178688820756,40.07578736567564,1147197.619047619,267762.7604552649,-0.0660960143973689,-32.99386929184144
2021-02-11,60.970001220703125,61.470001220703125,59.77000045776367,59.970001220703125,3910800,0,0,-15626726.946413763,12.57479856199607,-84.0,-1.9049114115097936,0.36856131896622507,-31.81628984891384,-0.3141757985158783,False,False,False,False,False,False,False,False,False,False,False,False,False,False,False,False,-2.4575017929077134,0.23305096218074636,-4.586264635877944,350059.3989516682,-3.9650001525878906,60.24179574687507,-15.080767649830626,0.18223968642142158,-0.014948776391502494,43.65052841182506,25.396735642033285,-1.3115447638430997,0.0,0.4416941030243361,-0.21630159187765244,45.66346808517266,69.16543543455408,52.54154824619517,0.729063114598145,-0.1832177382476394,-10.862800096646952,9.82223236163532,40.208489023085065,1050597.619047619,-414.1452701233793,-0.0956020110677287,-51.754383763448686
2021-02-12,59.86000061035156,60.0,59.02000045776367,59.20000076293945,3118400,0,0,-17599589.775285587,12.302330106940023,-76.0,-2.0003526351031127,0.2649400038005684,-77.14907890599738,-0.304458700533661,False,False,False,False,False,False,False,False,False,False,False,False,False,False,False,False,0.1840003967285142,0.20226324448015143,-5.164970213239688,-42973.29054003215,-3.9650001525878906,60.22065819748444,-9.494128987027707,0.03416780031536148,-0.033347230004338035,44.076880532518906,24.981088504511337,-1.326915546025016,0.0,0.7114494844277471,1.3351636741556276,43.23689513449239,59.47053427761999,48.87046443856246,0.5482953868605559,-0.1884197518758751,-11.29043178437519,9.25838087533815,37.48845922207945,223428.57142857136,-109852.35743081153,-0.13322924028819916,-68.64035362902247
2021-02-16,59.400001525878906,59.470001220703125,57.869998931884766,58.189998626708984,3837200,0,0,-19901913.43471944,12.61703085487881,-96.0,-1.9947350445915646,0.1071903657552097,-130.16716424863344,-0.3209306593506818,False,False,False,False,False,False,False,False,False,False,False,False,False,False,False,False,0.003999328613282671,0.05940571622196911,-4.677592165044701,-590488.5629119639,-3.9650001525878906,60.168094986734694,-5.886971834178347,-0.17769949230552304,-0.10017291984378829,43.495901876982046,24.633052214746634,-1.370390531373857,1.0,0.8477832046766234,-4.245518860655331,40.217916625677844,42.06699197932443,29.605248664926066,0.3233963641569402,-0.19631406828770265,-12.55492415514323,8.58041243509143,36.162288134288936,-322866.6666666665,-105505.39026307885,-0.14707013146527692,-90.78951661275062
2021-02-17,58.04999923706055,59.11000061035156,57.9900016784668,58.61000061035156,2870000,0,0,-19594415.878512207,12.909252977964826,-92.0,-2.22464670293472,0.20660903552786672,-121.60139808826234,-0.28601940949188703,False,False,False,False,False,False,False,False,False,False,False,False,False,False,False,False,-0.4870014190673828,0.14237296244978662,-0.4769737190327424,-333932.2406310835,-3.7449989318847656,60.14094507720732,-2.295470518289683,0.0024413906948038645,-0.10236091354585342,51.07962163788605,24.34276665376405,-1.4151516328148477,0.0,0.491072356091958,-2.8026511576973725,42.030584249447486,27.08717497026238,19.663726729447415,0.3533716074177932,-0.20401000138604214,-13.081887434989698,7.47839580114748,39.74121771841278,-473171.42857142864,-44750.88307306527,-0.018144113105048265,-81.57894956988464
2021-02-18,58.41999816894531,59.5099983215332,58.41999816894531,58.72999954223633,3843200,0,0,-21251566.133466937,12.897612194664779,-88.0,-2.717441267125743,0.24955341777734613,-89.24588829911377,-0.3121083548975753,False,False,False,False,False,False,False,False,False,False,False,False,True,False,False,False,-0.262500572204587,0.1627117723542963,-5.612444944331,-220344.7926809957,-3.7449989318847656,60.09058341569673,0.35038329884410047,0.08616937350442908,-0.08283274597782375,50.39112109936447,24.121706980084117,-1.452084382275666,0.0,0.24540212814324222,-1.459729788856501,42.5664102894028,16.458243535774226,16.22804632624965,0.4010314355413748,-0.21049545063417108,-13.368060076589225,6.891430786631758,38.091378754764946,-186450.0,28583.619020497536,-0.1113098512626357,-78.94739483861576
2021-02-19,58.900001525878906,59.09000015258789,57.709999084472656,57.970001220703125,3094400,0,0,-23179951.65863701,13.26658424752866,-96.0,-3.1420297510483692,0.09523234476425088,-124.0772361867531,-0.35532893050901143,True,False,False,False,False,False,False,False,False,False,False,False,False,False,False,False,0.8164995193481417,0.052314300275702,-7.762903373850727,-524829.6517483311,-2.6699981689453125,59.98377074406459,-1.0697223585101199,-0.09500386687319391,-0.10668758434600134,50.83880376894097,24.000073472221708,-1.4993760186912604,0.0,-0.23732577351516515,-2.800131096639766,40.04199645704713,9.574266353551584,15.033801370757715,0.1764937677324412,-0.2179077688435103,-14.3149475770994,6.219888053358579,29.47024917500152,-408900.0,-32174.60752117016,-0.17375391390089556,-94.37225147922642
2021-02-22,57.5,58.70000076293945,57.15999984741211,58.279998779296875,3582500,0,0,-21551550.635109752,13.892329170185375,-92.0,-3.413176749734319,0.193455090631598,-124.42486034608739,-0.28588843689729215,False,False,False,False,False,False,False,False,False,False,False,False,False,False,False,False,0.8980014801025362,0.21663413968279735,-8.944189371542887,-291201.6652611254,-2.4399986267089844,59.96314802964537,-0.5717099501146095,0.06875610819900231,-0.08795574037137288,50.41988691081433,23.894401282532247,-1.5391261953756983,0.0,-0.6359422627550089,-3.637567426572281,41.56430287249946,5.34752202995098,16.114589216812508,0.3118975307110639,-0.2242535069769918,-14.703840359441719,5.380323911744768,33.323185798127184,-209835.7142857141,-20885.626019602856,-0.20568315657888725,-78.33658603172026
2021-02-23,58.869998931884766,59.869998931884766,58.11000061035156,59.29999923706055,4449300,0,0,-19984184.795106113,13.603773343629792,-88.0,-3.2894709082210767,0.46800682612864924,-37.347194434714105,-0.22996647213026183,False,False,False,False,False,False,False,False,False,False,False,False,False,False,False,False,-0.5404989242553739,0.4139262221599147,-7.110070980479937,398725.43502302177,-1.2549972534179688,59.94992050020408,2.0874160480815505,0.42323988154536263,0.0019978520932606436,51.99114096182857,23.905822881743692,-1.5411621688950963,0.0,-0.5885786770852139,-1.8211957964058227,46.38762978826436,40.15859187700941,22.894594901681586,0.7409153735325321,-0.22596059473916144,-13.706993741035886,4.6819160566928515,40.883345875507544,-133638.09523809515,97028.02366004346,-0.13410814126414972,-58.60737778400853
2021-02-24,59.04999923706055,59.790000915527344,58.7400016784668,59.349998474121094,2602800,0,0,-19562792.769645713,13.335828647542465,-80.0,-3.069412085589242,0.4911157307267158,-16.533774252245546,-0.19765919337571647,False,False,False,False,False,False,False,False,False,False,False,False,False,False,False,False,-1.14299831390381,0.4235972507627547,-5.978952144182408,360355.80347990314,-1.68499755859375,59.93607911262915,2.962629692145363,0.4569664509093923,0.0699685754440108,52.01806414916577,23.847057716358936,-1.5145895592205216,0.0,-1.0557716208107215,0.7982292756111597,46.620220804537304,70.0792959385047,35.13858708684888,0.761603520490791,-0.22388244253748363,-12.81781021718604,4.3570378769417735,43.2867817922729,-302883.3333333335,80064.99118091752,-0.10358919413198842,-57.64027492372453
2021-02-25,59.470001220703125,60.27000045776367,58.45000076293945,58.7599983215332,3445800,0,0,-21834757.861387104,12.731424743522169,-80.0,-2.8227645874023466,0.32491804551565473,-31.758144333577434,-0.21372550410127691,True,False,False,False,False,False,False,False,False,False,False,False,False,False,False,False,0.8700004577636733,0.3094773424039962,-6.0089685233070025,18444.613584580773,-1.6999988555908203,59.837117691282046,1.5662298912155919,0.26070350367756134,0.07959498625006278,45.93592914490609,23.880383608775787,-1.4839163962143818,0.0,-1.458306988742455,0.8928513531596716,44.184267187155406,85.03964796925234,38.23336051088884,0.5449340754389616,-0.22079673012426873,-12.68709643265078,4.212962160816996,42.135502752043195,-373907.1428571427,-32060.233085896547,-0.10579437042514772,-69.05226575960037
2021-02-26,58.95000076293945,59.619998931884766,58.08000183105469,58.540000915527344,3886300,0,0,-23399372.397145003,12.416543161035204,-76.0,-2.438646843854123,0.2861735478739457,-62.55856587039486,-0.2690172433230687,False,False,False,False,False,False,False,False,False,False,False,False,False,False,False,False,1.7715013504028292,0.26692466898106304,-4.998798661759482,-106329.74820758379,-1.6999988555908203,59.7697426841143,-0.44899312339759234,0.205940498737534,0.07557897772783073,46.32492361373934,23.8929694345051,-1.4548711384432753,0.0,-1.6015368269136059,-2.8704156779436003,43.27624926271177,92.51982398462617,33.33330873826045,0.46416909765676256,-0.217448976710267,-12.811926230989107,4.024414032257508,40.90861521636233,-532923.8095238092,-48805.10870438955,-0.10650058574689025,-73.3075331018937
2021-03-01,59.0099983215332,59.93000030517578,58.95000076293945,59.38999938964844,2183300,0,0,-23622163.314657975,11.879052693952053,-24.0,-1.858117406508505,0.5435181778182797,2.617831695908106,-0.2830113997873206,False,False,False,False,False,False,False,False,False,False,False,False,False,False,False,False,0.7270011901855469,0.43133436878590115,0.5226273696604393,173974.73990044015,-1.2049999237060547,59.76694057952598,0.08909181216069584,0.49791425829260705,0.13133506845701493,52.29046648092009,23.908713161789606,-1.4021461128318895,0.0,-2.337674172912174,-2.735017926765186,47.74456166932577,96.25991199231308,33.59121267236533,0.8319498540856881,-0.21093184165541387,-11.72024155407953,3.611158311124246,44.13299888870942,-528878.5714285714,17151.123391238303,0.06722701048097957,-56.86656312140989
2021-03-02,59.88999938964844,60.25,59.04999923706055,59.13999938964844,3184000,0,0,-26328562.808575127,11.125092829563807,-24.0,-1.4836174123427455,0.476209825264571,10.571661838708641,-0.2866448596744765,False,False,True,False,False,False,False,False,False,False,False,False,False,False,False,False,-0.019999313354489345,0.3829784879195151,-1.4840307455384614,35406.91991466301,-1.0300006866455078,59.744511346775745,2.034261924160006,0.42081471305896134,0.15113365460163863,49.8183777239607,23.928784821043305,-1.3408822480784985,0.0,-2.9560323446777588,-1.3840283711185757,46.58229439036057,98.12995599615654,36.04125085621595,0.7064140012243252,-0.20295089604167926,-11.094025223580195,3.5540144788042687,41.42944435278302,-437073.80952380924,18298.49883464086,-0.015818077215282167,-61.70215120804849
2021-03-03,58.63999938964844,59.209999084472656,58.369998931884766,58.79999923706055,2902700,0,0,-26259449.334521875,10.934041562950954,-24.0,-1.2792060403262866,0.38745160467125633,-52.36126987049591,-0.24989261881586156,False,False,False,False,False,False,False,False,False,False,False,False,False,False,False,False,-0.9880014419555678,0.31721446042714263,-7.2051383540557525,-110639.56048984171,-1.0300006866455078,59.736880548303596,0.9657068723643576,0.323961286324696,0.14126883523253642,40.85471164135492,23.876528201669952,-1.2835973229592041,0.0,-3.5971753225817,-0.675678244466031,44.978634902762984,99.06497799807826,39.82743448954037,0.6409083610024324,-0.19502573230226933,-10.968645581723434,3.586735171088874,39.22196493949212,-594097.6190476194,-30090.76308423806,-0.28932163599758143,-61.948982201920444
2021-03-04,58.88999938964844,60.290000915527344,58.619998931884766,59.290000915527344,4496800,0,0,-27148032.159267582,10.401159946527,-24.0,-1.0397649765014663,0.5545694760202556,15.4552172020392,-0.2647039705561043,False,False,False,False,False,False,False,False,False,False,False,False,False,True,False,False,-0.5084995269775376,0.41199231158022115,-2.5845417154954182,219943.1692557774,-1.0200004577636719,59.728902344776955,-0.7385530821454367,0.510434841260351,0.1659754956663213,49.94792152239092,23.886592265350988,-1.2156717668258414,2.0,-3.46353256923547,1.8903631462081916,47.769376535591995,99.53248899903913,48.1333319011579,1.0,-0.18552092740185497,-10.125834222383038,3.5551474897019433,37.198816783265,135211.90476190485,20785.62902196725,-0.12276090027661579,-31.94887088655728
2021-03-05,59.58000183105469,60.68000030517578,58.849998474121094,60.52000045776367,5345200,0,0,-22737510.114091605,10.189058227480684,-24.0,-0.6717651479384443,0.9383651651801019,88.67343082846496,-0.19553296446264792,False,False,False,False,False,False,False,False,False,False,False,False,False,False,False,False,-0.3945005416870089,0.6499031569005781,0.665210369583928,1127750.3669566123,-0.36499977111816406,59.826656899571674,1.6514614445540587,0.929145750798732,0.257902369081749,58.57356026010966,23.876663440895662,-1.1087391078265967,0.0,-2.495740939655588,3.2588292569899235,54.067362895223916,99.76624449951956,67.18556576402356,1.0,-0.1710219740998219,-7.558674824416977,3.460674875349289,43.60317076680867,696554.7619047617,148362.20314435405,0.025718521151849916,-4.545449619451485
2021-03-08,60.959999084472656,61.959999084472656,60.220001220703125,61.720001220703125,3824000,0,0,-19968398.571329672,10.829093906498978,43.99999999999999,-0.2511769911822128,1.13028465564262,194.77409249084303,-0.1169269012293953,False,False,False,False,False,False,False,False,False,False,False,False,False,False,False,False,-1.2964988708496108,0.8820115326296682,7.4734838399482415,1622186.4456028775,0.27499961853027344,60.124270673770646,6.082387207731209,1.3264851006185732,0.38464034743621567,66.33860178961072,23.90574230309347,-0.9483797341057477,0.0,-1.7193827882486528,5.091097738416471,59.23218320128277,99.88312224975977,86.16857440135698,1.0,-0.14955158261993917,-3.6801120297827694,3.22462595701056,52.456516105375066,1004597.6190476189,186711.65706865105,0.2423635844405413,-4.999956289920217
2021-03-09,61.70000076293945,62.95000076293945,61.33000183105469,61.4900016784668,3573600,0,0,-22836102.482809797,11.974240653881681,44.0,0.29402915730195645,0.9879190281741088,204.23407444475725,-0.1318336022524517,False,True,False,False,False,False,False,False,False,False,False,False,True,False,False,False,-1.1490013122558622,0.7478413033481046,11.20790962193047,1273027.472783075,0.46000099182128906,60.25255512397896,9.862458307372219,1.188566637273812,0.4344174858219715,66.93598491920613,23.999738473933256,-0.7671569055164428,0.0,-1.2060204369544545,6.07210692365236,57.88862282662015,99.94156112487988,88.4129081418129,0.9299871130714139,-0.12474363581181029,-0.8546735354091892,3.0427208856763253,49.49781496459398,646607.1428571427,62505.89815651,0.3507572650238433,-25.215869665189544
2021-03-10,61.619998931884766,62.45000076293945,61.08000183105469,61.59000015258789,2628600,0,0,-23507647.543886766,12.80848889656678,44.0,0.9050590290742733,0.9577866826344094,153.54391990713304,-0.19547341822882688,False,False,False,False,False,False,False,False,False,False,False,False,True,False,False,False,-0.19500083923340128,0.76511219424778,8.971147610057423,1128717.2608247367,0.46000099182128906,60.38088132110749,12.859238119469612,1.2040361314449102,0.4534172379921448,60.683499844732,24.077153330591685,-0.5781165323867846,0.0,-1.2952730956454046,5.679480855560425,58.33117228523925,99.97078056243994,82.0984644898894,0.9530483508028305,-0.0981741465246459,1.6069629823235103,2.8672686394269067,47.379899970705324,-172169.04761904757,-9042.241858049416,0.26987986183255896,-23.488780575222
2021-03-11,61.7599983215332,62.95000076293945,61.59000015258789,61.88999938964844,2979600,0,0,-25172722.065086376,13.864775479157974,56.0,1.4777649598963123,0.9850255165515439,172.4247711047215,-0.1797143543239849,False,False,False,False,False,False,False,False,False,False,False,False,True,False,False,False,-0.18650150299072266,0.8169255257890624,12.41737149808395,1095168.7559562894,0.6049995422363281,60.655096279217425,15.600795440283132,1.3024119785740138,0.4638604741853696,66.88450158682843,24.154015459512223,-0.3849886248137058,0.0,-1.6111622407303554,4.367622573204395,59.69948214568909,99.98539028121996,77.66263411283155,1.0,-0.07038749080276718,4.080249449328167,2.528234529279944,47.98591057682494,-445435.7142857141,18788.134178273813,0.3733720826668806,-18.30744742109376
2021-03-12,62.34000015258789,62.9900016784668,61.7400016784668,62.900001525878906,2787300,0,0,-22786793.94557954,14.868521868903665,60.0,1.9893830131081955,1.0677885072073385,166.81520415896225,-0.10432092954273733,False,False,False,False,False,False,False,False,False,False,False,False,False,False,False,False,-0.9230016708374009,0.9845625858797357,14.164814421035155,1340884.498578989,0.6049995422363281,61.22099925872495,22.466307829162282,1.6409522726420727,0.5126466947124321,73.66078390514538,24.25003562192667,-0.1721762277814199,0.0,-2.145042761046618,5.98147117612101,63.98711785626498,99.99269514060998,85.45692498300116,1.0,-0.03955373638917697,7.567836517008862,2.216152595388198,51.34116788068616,-650735.7142857141,60000.1731141549,0.4339532777850563,-1.8329970546806957
